t  x  y  th  vel  obstacle
310   1.00000  -1.00000  0  0.00000  0
466   1.00000  -1.00000  -179  0.04055  0
622   0.99392  -1.00000  -179  0.07578  0
778   0.98255  -1.00000  -179  0.10619  0
935   0.96662  -1.00000  -179  0.13225  0
1091  0.94679  -1.00000  -179  0.15439  0
1247  0.92363  -1.00000  -179  0.17304  0
1403  0.89767  -1.00000  179  0.22275  0
1560  0.86426  -1.00000  175  0.21594  0
1716  0.83195  -0.99773  172  0.20982  0
1872  0.80077  -0.99342  168  0.20555  0
2028  0.77052  -0.98744  166  0.20266  0
2185  0.74101  -0.98015  163  0.19957  0
2341  0.71229  -0.97170  161  0.19617  0
2497  0.68441  -0.96229  159  0.19365  0
2653  0.65718  -0.95218  165  0.20179  0
2810  0.62787  -0.94465  170  0.20984  0
2966  0.59684  -0.93933  173  0.21719  0
3122  0.56445  -0.93588  176  0.22355  0
3278  0.53097  -0.93400  179  0.22879  0
3435  0.49665  -0.93343  -179  0.23291  0
3591  0.46172  -0.93394  -177  0.23597  0
3747  0.42635  -0.93531  -176  0.23807  0
3903  0.39070  -0.93738  -175  0.23932  0
4060  0.35490  -0.93998  -175  0.23984  0
4216  0.31905  -0.94299  -174  0.23973  0
4372  0.28324  -0.94628  -174  0.23911  0
4528  0.24754  -0.94977  -174  0.23807  0
4685  0.21201  -0.95338  -174  0.23670  0
4841  0.17670  -0.95702  -174  0.23508  0
4997  0.14162  -0.96065  -171  0.22971  0
5153  0.10754  -0.96574  -167  0.21437  0
5310  0.07618  -0.97284  -162  0.20187  0
5466  0.04724  -0.98175  -158  0.19239  0
5622  0.02033  -0.99216  -155  0.18554  0
5778  -0.00494  -1.00383  -152  0.18075  0
5935  -0.02889  -1.01654  -149  0.17725  0
6091  -0.05176  -1.03009  -146  0.17440  0
6247  -0.07370  -1.04434  -145  0.17206  0
6403  -0.09489  -1.05907  -143  0.17032  0
6560  -0.11549  -1.07419  -154  0.17416  0
6716  -0.13908  -1.08541  -163  0.18170  0
6872  -0.16518  -1.09327  -169  0.19063  0
7028  -0.19333  -1.09826  -175  0.19950  0
7185  -0.22315  -1.10080  -179  0.20751  0
7341  -0.25427  -1.10128  177  0.21425  0
7497  -0.28639  -1.10001  175  0.21956  0
7653  -0.31921  -1.09728  173  0.22344  0
7810  -0.35249  -1.09332  175  0.21193  0
7966  -0.38419  -1.09093  178  0.20008  0
8122  -0.41419  -1.09032  -178  0.19056  0
8278  -0.44277  -1.09117  -174  0.18108  0
8435  -0.46981  -1.09371  -170  0.16295  0
8591  -0.49394  -1.09758  -167  0.14202  0
8747  -0.51478  -1.10201  -165  0.12391  0
8903  -0.53274  -1.10679  -177  0.13640  0
9060  -0.55318  -1.10766  173  0.15008  0
9216  -0.57555  -1.10510  166  0.16284  0
9372  -0.59934  -1.09955  161  0.17380  0
9528  -0.62409  -1.09137  157  0.18270  0
9685  -0.64940  -1.08086  153  0.18956  0
9841  -0.67491  -1.06830  150  0.19457  0
9997  -0.70028  -1.05388  147  0.19798  0
10153  -0.72525  -1.03779  144  0.20007  0
10310  -0.74955  -1.02018  140  0.20114  0
10466  -0.77296  -1.00116  137  0.20148  0
10622  -0.79532  -0.98082  134  0.20138  0
10778  -0.81646  -0.95924  131  0.20107  0
10935  -0.83627  -0.93650  127  0.20071  0
11091  -0.85471  -0.91270  124  0.20038  0
11247  -0.87178  -0.88796  121  0.20013  0
11403  -0.88749  -0.86238  118  0.20000  0
11560  -0.90187  -0.83605  115  0.19998  0
11716  -0.91496  -0.80907  113  0.20007  0
11872  -0.92682  -0.78150  110  0.20026  0
12028  -0.93750  -0.75342  108  0.20053  0
12185  -0.94708  -0.72491  106  0.20085  0
12341  -0.95562  -0.69602  104  0.20120  0
12497  -0.96320  -0.66680  102  0.20157  0
12653  -0.96988  -0.63732  101  0.20194  0
12810  -0.97575  -0.60760  99  0.20228  0
12966  -0.98086  -0.57769  98  0.20259  0
13122  -0.98529  -0.54762  97  0.20287  0
13274  -0.98910  -0.51743  96  0.20312  0
13430  -0.99235  -0.48714  95  0.20333  0
13586  -0.99511  -0.45677  94  0.20350  0
13742  -0.99743  -0.42633  93  0.20364  0
13899  -0.99936  -0.39584  92  0.20375  0
14055  -1.00096  -0.36532  92  0.20383  0
14211  -1.00225  -0.33478  91  0.20388  0
14367  -1.00330  -0.30421  91  0.20391  0
14524  -1.00413  -0.27364  85  0.18158  0
14680  -1.00181  -0.24650  78  0.16443  0
14836  -0.99673  -0.22236  70  0.15158  0
14992  -0.98917  -0.20092  62  0.14280  0
15149  -0.97943  -0.18184  55  0.13753  0
15305  -0.96779  -0.16481  66  0.14720  0
15461  -0.95885  -0.14462  73  0.15891  0
15617  -0.95224  -0.12172  79  0.17085  0
15774  -0.94761  -0.09651  83  0.18206  0
15930  -0.94466  -0.06936  86  0.19207  0
16086  -0.94313  -0.04059  89  0.20069  1
16242  -0.94275  -0.01049  91  0.20789  1
16399  -0.94332  0.02069  92  0.21372  1
16555  -0.94465  0.05272  93  0.21826  1
16711  -0.94657  0.08540  94  0.22163  0
16867  -0.94891  0.11856  94  0.22395  0
17024  -0.95156  0.15205  94  0.22533  0
17180  -0.95440  0.18573  94  0.22589  0
17336  -0.95731  0.21949  94  0.22571  0
17492  -0.96022  0.25322  94  0.22488  0
17649  -0.96303  0.28683  94  0.22349  0
17805  -0.96568  0.32025  94  0.22161  0
17961  -0.96811  0.35341  93  0.21928  0
18117  -0.97024  0.38623  93  0.21656  0
18274  -0.97203  0.41866  92  0.21348  0
18430  -0.97342  0.45066  91  0.21008  0
18586  -0.97436  0.48215  90  0.20639  0
18742  -0.97480  0.51311  89  0.20242  0
18899  -0.97469  0.54347  88  0.19821  0
19055  -0.97399  0.57319  87  0.19377  0
19211  -0.97263  0.60223  85  0.18913  0
19367  -0.97058  0.63052  84  0.18432  0
19524  -0.96777  0.65803  82  0.17937  0
19680  -0.96415  0.68469  80  0.17434  0
19836  -0.95966  0.71045  77  0.16929  0
19992  -0.95425  0.73526  74  0.16431  0
20149  -0.94786  0.75907  71  0.15948  0
20305  -0.94044  0.78181  62  0.14072  0
20461  -0.93080  0.80059  52  0.12444  0
20617  -0.91950  0.81544  41  0.11759  0
20774  -0.90634  0.82719  32  0.11878  0
20930  -0.89123  0.83663  32  0.12454  0
21086  -0.87551  0.84672  32  0.12992  0
21242  -0.85905  0.85715  31  0.13496  0
21399  -0.84176  0.86768  29  0.13963  0
21555  -0.82361  0.87813  28  0.14400  0
21711  -0.80459  0.88837  26  0.14812  0
21867  -0.78471  0.89830  24  0.15205  0
22024  -0.76398  0.90782  22  0.15582  0
22180  -0.74244  0.91687  20  0.15944  0
22336  -0.72010  0.92543  19  0.16292  0
22492  -0.69702  0.93345  17  0.16625  0
22649  -0.67323  0.94092  15  0.16945  0
22805  -0.64877  0.94783  14  0.17249  0
22961  -0.62369  0.95420  12  0.17538  0
23117  -0.59804  0.96003  5  0.16031  2
23274  -0.57411  0.96239  -1  0.14965  2
23430  -0.55167  0.96170  -8  0.14281  2
23586  -0.53051  0.95839  -15  0.13928  2
23742  -0.51037  0.95282  -21  0.13808  2
23899  -0.49108  0.94528  -13  0.14856  2
24055  -0.46944  0.93995  -8  0.15944  0
24211  -0.44578  0.93649  -4  0.16984  0
24367  -0.42037  0.93459  -1  0.17931  0
24524  -0.39348  0.93401  1  0.18766  0
24680  -0.36534  0.93450  2  0.19485  0
24836  -0.33614  0.93587  3  0.20091  0
24992  -0.30608  0.93792  4  0.20592  0
25149  -0.27530  0.94052  5  0.20996  0
25305  -0.24395  0.94352  5  0.21314  0
25461  -0.21215  0.94682  6  0.21556  0
25617  -0.18000  0.95031  6  0.21733  0
25774  -0.14760  0.95391  6  0.21853  0
25930  -0.11502  0.95755  6  0.21924  0
26086  -0.08234  0.96118  6  0.21955  0
26242  -0.04960  0.96475  6  0.21950  0
26399  -0.01686  0.96823  5  0.21917  0
26555  0.01585  0.97157  5  0.21860  0
26711  0.04848  0.97475  5  0.21783  0
26867  0.08102  0.97775  4  0.21688  0
27024  0.11343  0.98057  4  0.21579  0
27180  0.14569  0.98317  4  0.21458  0
27336  0.17779  0.98555  3  0.21325  0
27492  0.20971  0.98769  3  0.21181  0
27649  0.24142  0.98960  2  0.21027  0
27805  0.27292  0.99125  2  0.20863  0
27961  0.30418  0.99263  2  0.20688  0
28117  0.33520  0.99373  1  0.20501  3
28274  0.36594  0.99453  0  0.20302  3
28430  0.39639  0.99503  -2  0.18390  3
28586  0.42394  0.99379  -6  0.15691  3
28743  0.44731  0.99097  -10  0.13340  3
28899  0.46697  0.98722  -14  0.11386  3
29055  0.48346  0.98280  -12  0.12859  3
29211  0.50232  0.97873  -10  0.14096  3
29368  0.52310  0.97486  -9  0.15101  3
29524  0.54543  0.97104  -9  0.15888  3
29680  0.56894  0.96714  -9  0.16472  3
29836  0.59331  0.96304  -10  0.16873  3
29992  0.61822  0.95860  -10  0.17110  0
30149  0.64342  0.95371  -12  0.17202  0
30305  0.66864  0.94826  -13  0.17170  0
30461  0.69365  0.94213  -15  0.17035  0
30617  0.71825  0.93522  -17  0.16819  0
30774  0.74225  0.92743  -20  0.16547  0
30930  0.76547  0.91867  -23  0.16242  0
31086  0.78777  0.90884  -27  0.15932  0
31243  0.80900  0.89788  -31  0.15642  0
31399  0.82907  0.88572  -35  0.15398  0
31555  0.84786  0.87230  -40  0.15226  0
31711  0.86532  0.85757  -44  0.15143  0
31868  0.88143  0.84156  -49  0.15149  0
32024  0.89622  0.82431  -53  0.15238  0
32180  0.90973  0.80587  -57  0.15400  0
32336  0.92200  0.78630  -61  0.15621  0
32493  0.93309  0.76566  -65  0.15887  0
32649  0.94306  0.74401  -68  0.16185  0
32805  0.95198  0.72143  -71  0.16502  0
32961  0.95992  0.69799  -73  0.16828  0
33118  0.96694  0.67374  -76  0.17153  0
33274  0.97312  0.64877  -78  0.17470  0
33430  0.97853  0.62313  -79  0.17776  0
33586  0.98323  0.59688  -81  0.18064  0
33743  0.98729  0.57009  -82  0.18333  0
33899  0.99077  0.54281  -83  0.18582  0
34055  0.99374  0.51510  -84  0.18810  0
34211  0.99624  0.48699  -85  0.19017  0
34368  0.99832  0.45855  -86  0.19204  0
34524  1.00005  0.42979  -87  0.19371  0
34680  1.00146  0.40077  -87  0.19520  0
34836  1.00260  0.37151  -88  0.19653  0
34993  1.00351  0.34205  -88  0.19769  0
35149  1.00422  0.31240  -88  0.19870  0
35305  1.00476  0.28260  -89  0.19958  0
35461  1.00516  0.25267  -89  0.20034  0
35618  1.00544  0.22262  -89  0.20099  0
35774  1.00564  0.19247  -89  0.20154  0
35930  1.00577  0.16224  -89  0.20199  4
36086  1.00584  0.13194  -89  0.20236  4
36243  1.00586  0.10159  -90  0.20265  4
36399  1.00586  0.07119  -90  0.20287  4
36555  1.00583  0.04076  -90  0.20301  4
36711  1.00579  0.01031  -90  0.20309  4
36868  1.00574  -0.02016  -90  0.20310  4
37024  1.00567  -0.05062  -90  0.20305  4
37180  1.00560  -0.08108  -90  0.20292  4
37336  1.00551  -0.11152  -90  0.20272  4
37493  1.00541  -0.14192  -90  0.20244  4
37649  1.00528  -0.17229  -90  0.20207  4
37805  1.00511  -0.20260  -90  0.20160  0
37961  1.00490  -0.23284  -90  0.20103  0
38118  1.00463  -0.26299  -90  0.20034  0
38274  1.00428  -0.29304  -90  0.19952  0
38430  1.00384  -0.32297  -91  0.19856  0
38586  1.00328  -0.35274  -91  0.19745  0
38743  1.00257  -0.38235  -91  0.19616  0
38899  1.00169  -0.41176  -92  0.19468  0
39055  1.00062  -0.44095  -92  0.19301  0
39211  0.99930  -0.46987  -93  0.19112  0
39368  0.99771  -0.49849  -93  0.18900  0
39524  0.99581  -0.52678  -94  0.18664  0
39680  0.99354  -0.55468  -95  0.18405  0
39836  0.99087  -0.58216  -96  0.18120  0
39993  0.98774  -0.60916  -97  0.17812  0
40149  0.98409  -0.63563  -99  0.17481  0
40305  0.97987  -0.66151  -100  0.17129  0
40461  0.97501  -0.68674  -102  0.16760  0
40618  0.96945  -0.71125  -104  0.16380  0
40774  0.96313  -0.73500  -107  0.15995  0
40930  0.95598  -0.75790  -110  0.15613  0
41086  0.94793  -0.77989  -113  0.15247  0
41243  0.93891  -0.80091  -116  0.14909  0
41399  0.92885  -0.82088  -120  0.14615  0
41555  0.91770  -0.83976  -124  0.14380  0
41711  0.90540  -0.85748  -129  0.14220  0
41868  0.89190  -0.87399  -134  0.14149  0
42024  0.87715  -0.88925  -138  0.14178  0
42180  0.86113  -0.90324  -143  0.14302  0
42336  0.84388  -0.91600  -147  0.14508  0
42493  0.82545  -0.92757  -151  0.14781  0
42649  0.80589  -0.93801  -155  0.15104  0
42805  0.78526  -0.94738  -158  0.15460  0
42961  0.76364  -0.95575  -161  0.15836  0
43118  0.74108  -0.96318  -167  0.17319  0
43274  0.71570  -0.96873  -174  0.16318  0
43430  0.69132  -0.97096  178  0.15535  0
43586  0.66803  -0.97021  171  0.15047  0
43743  0.64571  -0.96684  165  0.14833  0
43899  0.62419  -0.96118  160  0.14820  0
44055  0.60329  -0.95361  166  0.15558  0
44211  0.58061  -0.94812  171  0.16345  0
44368  0.55638  -0.94440  175  0.17117  0
44524  0.53080  -0.94218  177  0.17837  5
44680  0.50406  -0.94120  -179  0.18485  5
44836  0.47633  -0.94126  -178  0.19054  5
44994  0.44777  -0.94216  -176  0.19543  0
45150  0.41849  -0.94372  -175  0.19956  0
45306  0.38863  -0.94582  -175  0.20298  0
45463  0.35829  -0.94831  -174  0.20576  0
45619  0.32755  -0.95111  -174  0.20796  0
45775  0.29650  -0.95411  -174  0.20967  0
45931  0.26521  -0.95723  -174  0.21094  0
46088  0.23373  -0.96042  -174  0.21183  0
46244  0.20212  -0.96363  -174  0.21241  0
46400  0.17041  -0.96680  -174  0.21273  0
46556  0.13865  -0.96990  -174  0.21281  0
46713  0.10687  -0.97291  -174  0.21272  0
46869  0.07510  -0.97580  -175  0.21246  0
47025  0.04335  -0.97856  -175  0.21208  0
47181  0.01164  -0.98117  -175  0.21159  0
47338  -0.02000  -0.98363  -175  0.21101  0
47494  -0.05157  -0.98592  -176  0.21034  0
47650  -0.08305  -0.98804  -176  0.20961  0
47806  -0.11443  -0.98998  -173  0.20152  0
47963  -0.14443  -0.99365  -168  0.18373  0
48119  -0.17146  -0.99902  -164  0.15997  0
48275  -0.19462  -1.00532  -160  0.14060  0
48431  -0.21449  -1.01237  -155  0.12480  0
48588  -0.23159  -1.02000  -151  0.11165  0
48744  -0.24628  -1.02804  -146  0.10147  0
48900  -0.25902  -1.03637  -142  0.09296  0
49056  -0.27007  -1.04487  -158  0.11214  0
49213  -0.28577  -1.05091  -168  0.13328  0
49369  -0.30538  -1.05479  -175  0.15297  0
49525  -0.32824  -1.05678  -179  0.17007  0
49681  -0.35375  -1.05713  177  0.18427  0
49838  -0.38137  -1.05602  175  0.19564  0
49994  -0.41062  -1.05362  173  0.20434  0
50150  -0.44106  -1.05008  171  0.21061  6
50306  -0.47232  -1.04550  170  0.21471  6
50463  -0.50405  -1.03997  168  0.21687  6
50619  -0.53594  -1.03356  167  0.21734  6
50775  -0.56773  -1.02631  165  0.21635  6
50931  -0.59916  -1.01824  163  0.21413  6
51088  -0.63003  -1.00936  162  0.21089  6
51244  -0.66014  -0.99967  160  0.20684  6
51400  -0.68933  -0.98916  157  0.20219  6
51556  -0.71744  -0.97778  155  0.19717  6
51713  -0.74435  -0.96551  152  0.19198  0
51869  -0.76995  -0.95231  149  0.18686  0
52025  -0.79413  -0.93813  146  0.18203  0
52181  -0.81681  -0.92294  142  0.17771  0
52338  -0.83795  -0.90669  141  0.17367  0
52494  -0.85827  -0.89039  141  0.16944  0
52650  -0.87824  -0.87467  142  0.16685  0
52806  -0.89804  -0.85936  142  0.16559  0
52963  -0.91782  -0.84433  135  0.16242  0
53119  -0.93507  -0.82713  126  0.14158  0
53275  -0.94757  -0.80997  115  0.12278  0
53431  -0.95564  -0.79341  110  0.13550  0
53588  -0.96284  -0.77440  106  0.14735  0
53744  -0.96921  -0.75324  103  0.15809  0
53900  -0.97484  -0.73020  101  0.16766  0
54056  -0.97977  -0.70554  99  0.17605  0
54213  -0.98407  -0.67949  97  0.18333  0
54369  -0.98779  -0.65224  96  0.18956  0
54525  -0.99098  -0.62398  95  0.19483  0
54681  -0.99371  -0.59489  94  0.19924  0
54838  -0.99602  -0.56509  93  0.20286  0
54994  -0.99795  -0.53472  92  0.20580  0
55150  -0.99955  -0.50389  92  0.20814  0
55306  -1.00087  -0.47270  91  0.20996  0
55463  -1.00193  -0.44122  91  0.21133  0
55619  -1.00278  -0.40954  86  0.19543  0
55775  -1.00102  -0.38027  81  0.18294  0
55931  -0.99695  -0.35314  76  0.17362  0
56088  -0.99095  -0.32780  72  0.16667  0
56244  -0.98330  -0.30399  68  0.16188  0
56395  -0.97432  -0.28143  65  0.15874  0
56552  -0.96433  -0.25982  72  0.16850  0
56709  -0.95678  -0.23570  78  0.17871  0
56865  -0.95130  -0.20946  82  0.18845  0
57021  -0.94761  -0.18143  85  0.19725  0
57178  -0.94541  -0.15193  88  0.20489  0
57334  -0.94448  -0.12121  90  0.21132  0
57490  -0.94457  -0.08951  91  0.21655  0
57646  -0.94551  -0.05704  92  0.22067  1
57803  -0.94712  -0.02398  93  0.22375  1
57959  -0.94925  0.00952  94  0.22591  1
58115  -0.95176  0.04331  94  0.22725  1
58271  -0.95454  0.07728  94  0.22787  1
58428  -0.95749  0.11134  95  0.22786  0
58584  -0.96052  0.14538  95  0.22731  0
58740  -0.96356  0.17934  94  0.23885  0
58896  -0.96654  0.21504  94  0.23489  0
59053  -0.96940  0.25016  94  0.23090  0
59209  -0.97208  0.28469  94  0.22690  0
59365  -0.97452  0.31864  93  0.22290  0
59521  -0.97670  0.35200  93  0.21889  0
59678  -0.97856  0.38478  92  0.21486  0
59834  -0.98007  0.41698  92  0.21082  0
59990  -0.98119  0.44858  91  0.20674  0
60146  -0.98187  0.47958  90  0.20262  0
60303  -0.98209  0.50998  89  0.19844  0
60459  -0.98179  0.53974  88  0.19418  0
60615  -0.98095  0.56886  87  0.18984  0
60771  -0.97950  0.59730  85  0.18541  0
60928  -0.97741  0.62503  84  0.18090  0
61084  -0.97463  0.65202  82  0.17631  0
61240  -0.97109  0.67823  80  0.17168  0
61396  -0.96676  0.70362  78  0.16702  0
61553  -0.96157  0.72813  75  0.16242  0
61709  -0.95547  0.75171  72  0.15793  0
61865  -0.94839  0.77432  69  0.15366  0
62021  -0.94027  0.79589  60  0.14094  0
62178  -0.92981  0.81427  50  0.13133  0
62334  -0.91730  0.82948  40  0.12666  0
62490  -0.90290  0.84187  31  0.12504  0
62646  -0.88694  0.85173  22  0.12372  0
62803  -0.86985  0.85897  14  0.12093  0
62959  -0.85225  0.86337  5  0.11790  0
63115  -0.83464  0.86492  -3  0.11796  0
63271  -0.81697  0.86397  -10  0.11981  0
63428  -0.79927  0.86084  -15  0.12301  0
63584  -0.78152  0.85583  -6  0.12802  0
63740  -0.76242  0.85382  1  0.13566  0
63896  -0.74207  0.85429  6  0.14425  0
64053  -0.72058  0.85675  10  0.15277  0
64209  -0.69802  0.86081  12  0.16072  0
64365  -0.67451  0.86611  14  0.16785  0
64521  -0.65011  0.87233  15  0.17410  0
64678  -0.62492  0.87922  15  0.17947  0
64834  -0.59901  0.88654  15  0.18403  0
64990  -0.57247  0.89412  15  0.18786  0
65146  -0.54536  0.90180  15  0.19104  0
65303  -0.51774  0.90945  14  0.19367  0
65459  -0.48968  0.91697  14  0.19583  0
65615  -0.46123  0.92427  13  0.19760  0
65771  -0.43243  0.93129  12  0.19904  0
65928  -0.40334  0.93800  12  0.20022  0
66084  -0.37398  0.94434  11  0.20117  0
66240  -0.34441  0.95032  10  0.20193  0
66396  -0.31464  0.95591  9  0.20255  0
66553  -0.28470  0.96110  9  0.20304  0
66709  -0.25463  0.96592  8  0.20343  0
66865  -0.22444  0.97035  7  0.20374  0
67021  -0.19415  0.97442  6  0.20397  0
67178  -0.16378  0.97814  6  0.20414  0
67334  -0.13335  0.98153  5  0.20425  0
67490  -0.10286  0.98460  5  0.20431  0
67646  -0.07234  0.98738  4  0.20432  0
67803  -0.04180  0.98987  4  0.20429  0
67959  -0.01123  0.99211  3  0.20421  0
68115  0.01933  0.99410  3  0.20408  0
68271  0.04989  0.99587  2  0.20390  0
68428  0.08044  0.99743  2  0.20366  0
68584  0.11096  0.99878  2  0.20335  0
68747  0.14144  0.99994  1  0.20298  0
68903  0.17187  1.00092  1  0.20253  0
69059  0.20224  1.00172  1  0.20200  0
69216  0.23253  1.00234  0  0.20136  0
69372  0.26273  1.00278  0  0.20062  0
69528  0.29283  1.00303  0  0.19975  0
69684  0.32279  1.00310  0  0.19875  3
69841  0.35260  1.00296  0  0.19760  3
69997  0.38224  1.00261  -1  0.19628  3
70153  0.41168  1.00201  -1  0.19478  3
70309  0.44088  1.00116  -2  0.19308  3
70466  0.46982  1.00002  -2  0.19118  3
70622  0.49846  0.99856  -3  0.18905  3
70778  0.52676  0.99676  -4  0.18668  3
70934  0.55467  0.99456  -5  0.18408  3
71091  0.58216  0.99192  -6  0.18124  3
71247  0.60917  0.98880  -7  0.17816  3
71403  0.63564  0.98515  -9  0.17486  3
71559  0.66152  0.98091  -10  0.17135  3
71716  0.68676  0.97603  -12  0.16768  0
71872  0.71128  0.97043  -15  0.16389  0
72028  0.73502  0.96406  -17  0.16005  0
72184  0.75793  0.95686  -20  0.15626  0
72341  0.77992  0.94876  -23  0.15262  0
72497  0.80094  0.93968  -26  0.14926  0
72653  0.82091  0.92957  -30  0.14633  0
72809  0.83979  0.91836  -34  0.14400  0
72966  0.85750  0.90601  -39  0.14242  0
73122  0.87401  0.89245  -44  0.14172  0
73278  0.88927  0.87765  -48  0.14202  0
73434  0.90326  0.86159  -53  0.14326  0
73591  0.91602  0.84429  -57  0.14532  0
73747  0.92758  0.82581  -61  0.14805  0
73903  0.93802  0.80621  -65  0.15126  0
74059  0.94739  0.78555  -68  0.15481  0
74216  0.95576  0.76389  -71  0.15856  0
74372  0.96320  0.74130  -74  0.16238  0
74528  0.96977  0.71784  -76  0.16618  0
74684  0.97554  0.69359  -78  0.16987  0
74841  0.98058  0.66862  -80  0.17341  0
74997  0.98495  0.64297  -81  0.17675  0
75153  0.98872  0.61673  -83  0.17986  0
75309  0.99195  0.58995  -84  0.18273  0
75466  0.99468  0.56267  -85  0.18535  0
75622  0.99698  0.53497  -86  0.18773  0
75778  0.99889  0.50687  -86  0.18988  0
75934  1.00047  0.47843  -87  0.19180  0
76091  1.00174  0.44969  -87  0.19351  0
76247  1.00276  0.42068  -88  0.19503  0
76403  1.00356  0.39144  -88  0.19637  0
76559  1.00417  0.36199  -89  0.19754  0
76716  1.00463  0.33236  -89  0.19857  0
76872  1.00495  0.30258  -89  0.19945  0
77028  1.00518  0.27266  -89  0.20021  0
77184  1.00531  0.24263  -89  0.20086  0
77341  1.00539  0.21250  -89  0.20141  0
77497  1.00541  0.18229  -90  0.20187  0
77653  1.00540  0.15201  -90  0.20225  4
77809  1.00537  0.12167  -90  0.20255  4
77966  1.00532  0.09129  -90  0.20278  4
78122  1.00526  0.06087  -90  0.20294  4
78278  1.00520  0.03043  -90  0.20304  4
78434  1.00514  -0.00003  -90  0.20308  4
78591  1.00507  -0.03049  -90  0.20305  4
78747  1.00501  -0.06094  -90  0.20295  4
78903  1.00495  -0.09139  -90  0.20279  4
79059  1.00487  -0.12181  -90  0.20255  4
79216  1.00478  -0.15219  -90  0.20224  4
79372  1.00467  -0.18252  -90  0.20183  0
79528  1.00451  -0.21280  -90  0.20133  0
79684  1.00431  -0.24300  -90  0.20071  0
79841  1.00405  -0.27310  -90  0.19998  0
79997  1.00370  -0.30310  -90  0.19912  0
80153  1.00324  -0.33296  -91  0.19810  0
80309  1.00266  -0.36267  -91  0.19693  0
80466  1.00193  -0.39220  -91  0.19558  0
80622  1.00101  -0.42152  -92  0.19404  0
80778  0.99988  -0.45061  -92  0.19230  0
80934  0.99849  -0.47942  -93  0.19034  0
81091  0.99682  -0.50792  -94  0.18814  0
81247  0.99482  -0.53607  -94  0.18571  0
81403  0.99244  -0.56383  -95  0.18304  0
81559  0.98963  -0.59114  -96  0.18012  0
81716  0.98634  -0.61796  -98  0.17696  0
81872  0.98252  -0.64423  -99  0.17359  0
82028  0.97810  -0.66989  -101  0.17002  0
82184  0.97303  -0.69488  -103  0.16630  0
82341  0.96724  -0.71914  -105  0.16248  0
82497  0.96066  -0.74261  -108  0.15864  0
82653  0.95322  -0.76521  -111  0.15488  0
82809  0.94487  -0.78689  -114  0.15130  0
82966  0.93553  -0.80758  -117  0.14806  0
83122  0.92513  -0.82720  -121  0.14530  0
83278  0.91363  -0.84571  -126  0.14318  0
83434  0.90096  -0.86306  -130  0.14186  0
83591  0.88708  -0.87918  -135  0.14145  0
83747  0.87195  -0.89406  -140  0.14204  0
83903  0.85556  -0.90767  -144  0.14356  0
84059  0.83794  -0.92005  -149  0.14587  0
84216  0.81915  -0.93126  -153  0.14878  0
84372  0.79924  -0.94135  -156  0.15215  0
84528  0.77829  -0.95039  -159  0.15580  0
84684  0.75635  -0.95845  -162  0.15961  0
84841  0.73350  -0.96560  -165  0.16346  0
84997  0.70980  -0.97189  -172  0.15288  0
85153  0.68709  -0.97505  -179  0.14311  0
85309  0.66562  -0.97509  172  0.13738  0
85466  0.64519  -0.97240  165  0.13499  5
85622  0.62558  -0.96734  159  0.13507  5
85778  0.60658  -0.96030  154  0.13559  5
85934  0.58819  -0.95162  150  0.13717  5
86091  0.57025  -0.94155  160  0.14712  0
86247  0.54944  -0.93420  167  0.15873  0
86403  0.52617  -0.92918  173  0.17039  0
86559  0.50079  -0.92612  177  0.18125  0
86716  0.47364  -0.92471  179  0.19092  0
86872  0.44500  -0.92465  -177  0.19925  0
87028  0.41513  -0.92570  -176  0.20625  0
87185  0.38426  -0.92763  -175  0.21198  0
87341  0.35257  -0.93027  -179  0.19643  0
87497  0.32311  -0.93060  176  0.18299  0
87653  0.29571  -0.92886  179  0.19263  0
87810  0.26682  -0.92851  -178  0.20095  0
87966  0.23669  -0.92930  -176  0.20792  0
88122  0.20555  -0.93100  -175  0.21361  0
88278  0.17360  -0.93343  -174  0.21813  0
88435  0.14101  -0.93641  -174  0.22159  0
88591  0.10795  -0.93981  -173  0.22410  0
88747  0.07454  -0.94350  -173  0.22580  0
88903  0.04089  -0.94737  -173  0.22679  0
89060  0.00710  -0.95133  -173  0.22717  0
89216  -0.02674  -0.95531  -173  0.22704  0
89372  -0.06057  -0.95925  -171  0.22700  0
89528  -0.09425  -0.96422  -167  0.20953  0
89685  -0.12489  -0.97124  -162  0.19426  0
89841  -0.15269  -0.97999  -158  0.18176  0
89997  -0.17798  -0.99016  -153  0.17139  0
90153  -0.20104  -1.00152  -149  0.16320  0
90310  -0.22219  -1.01385  -146  0.15691  0
90466  -0.24177  -1.02692  -143  0.15181  0
90622  -0.26005  -1.04049  -154  0.15871  0
90778  -0.28153  -1.05076  -163  0.16823  0
90935  -0.30566  -1.05814  -169  0.17830  0
91091  -0.33197  -1.06298  -174  0.18773  0
91247  -0.36000  -1.06562  -178  0.19589  0
91403  -0.38937  -1.06634  178  0.20252  0
91560  -0.41974  -1.06536  175  0.20754  0
91716  -0.45077  -1.06291  173  0.21098  0
91872  -0.48219  -1.05914  171  0.21294  6
92028  -0.51375  -1.05420  169  0.21355  6
92185  -0.54522  -1.04820  167  0.21293  6
92341  -0.57638  -1.04123  165  0.21125  6
92497  -0.60707  -1.03334  168  0.20444  6
92653  -0.63713  -1.02726  171  0.19796  6
92810  -0.66651  -1.02293  174  0.19210  0
92966  -0.69518  -1.02004  176  0.18658  0
93122  -0.72311  -1.01829  178  0.18116  0
93278  -0.75027  -1.01736  179  0.17561  0
93436  -0.77661  -1.01694  179  0.16978  0
93592  -0.80207  -1.01671  168  0.16048  0
93748  -0.82568  -1.01200  158  0.15623  0
93904  -0.84743  -1.00328  148  0.15603  0
94061  -0.86733  -0.99096  139  0.15887  0
94217  -0.88541  -0.97543  131  0.16375  0
94373  -0.90174  -0.95708  125  0.16975  0
94529  -0.91641  -0.93627  119  0.17617  0
94686  -0.92954  -0.91334  115  0.18254  0
94842  -0.94122  -0.88857  111  0.18856  0
94998  -0.95155  -0.86224  108  0.19405  0
95154  -0.96064  -0.83459  105  0.19893  0
95311  -0.96859  -0.80583  103  0.20315  0
95467  -0.97550  -0.77615  101  0.20673  0
95623  -0.98146  -0.74572  99  0.20968  0
95779  -0.98658  -0.71469  97  0.21205  0
95936  -0.99092  -0.68318  96  0.21390  0
96092  -0.99459  -0.65131  95  0.21526  0
96248  -0.99764  -0.61916  94  0.21620  0
96404  -1.00016  -0.58683  93  0.21678  0
96561  -1.00220  -0.55438  92  0.21705  0
96717  -1.00383  -0.52186  92  0.21706  0
96873  -1.00510  -0.48932  91  0.21686  0
97029  -1.00607  -0.45681  91  0.21650  0
97186  -1.00678  -0.42434  90  0.21599  0
97342  -1.00727  -0.39195  90  0.21539  0
97498  -1.00758  -0.35964  90  0.21471  0
97654  -1.00775  -0.32743  90  0.21398  0
97811  -1.00780  -0.29534  89  0.21323  0
97967  -1.00776  -0.26335  89  0.21246  0
98123  -1.00765  -0.23149  89  0.21169  0
98280  -1.00749  -0.19973  89  0.21092  1
98436  -1.00731  -0.16809  89  0.21018  1
98592  -1.00710  -0.13657  87  0.20373  1
98748  -1.00564  -0.10604  83  0.18548  1
98905  -1.00242  -0.07841  79  0.17098  1
99061  -0.99772  -0.05320  74  0.15941  1
99217  -0.99142  -0.03013  70  0.15108  1
99373  -0.98374  -0.00881  65  0.14633  1
99530  -0.97472  0.01120  72  0.15708  1
99686  -0.96780  0.03373  78  0.16796  1
99842  -0.96270  0.05840  82  0.17815  1
99998  -0.95914  0.08488  85  0.18725  1
