t  x  y  th  vel  obstacle
247   -1.00000  -1.00000  0  0.00000  0
403   -1.00000  -1.00000  89  0.04055  0
560   -1.00000  -0.99392  89  0.07578  0
716   -1.00000  -0.98255  89  0.10619  0
872   -1.00000  -0.96662  89  0.13225  0
1028  -1.00000  -0.94679  89  0.15439  0
1185  -1.00000  -0.92363  89  0.17304  0
1341  -1.00000  -0.89767  89  0.18858  0
1497  -1.00000  -0.86938  89  0.20137  0
1653  -1.00000  -0.83918  89  0.21174  0
1810  -1.00000  -0.80742  89  0.22000  0
1966  -1.00000  -0.77442  89  0.22643  0
2122  -1.00000  -0.74045  89  0.23127  0
2278  -1.00000  -0.70576  89  0.23476  0
2435  -1.00000  -0.67055  89  0.23709  0
2591  -1.00000  -0.63499  90  0.23846  0
2747  -1.00000  -0.59922  90  0.23903  0
2903  -1.00000  -0.56336  90  0.23894  0
3060  -1.00001  -0.52752  90  0.23833  0
3216  -1.00002  -0.49177  90  0.23731  0
3372  -1.00004  -0.45618  90  0.23597  0
3528  -1.00006  -0.42078  90  0.23438  0
3685  -1.00010  -0.38562  90  0.23264  0
3841  -1.00015  -0.35073  90  0.23078  0
3997  -1.00022  -0.31611  90  0.22886  0
4153  -1.00030  -0.28178  90  0.22692  0
4310  -1.00040  -0.24774  90  0.22499  0
4466  -1.00051  -0.21400  90  0.22310  0
4622  -1.00064  -0.18053  90  0.22126  1
4778  -1.00079  -0.14734  90  0.21949  1
4935  -1.00095  -0.11442  90  0.21780  1
5091  -1.00113  -0.08175  90  0.21619  1
5247  -1.00132  -0.04932  90  0.21466  1
5403  -1.00152  -0.01712  90  0.21321  1
5560  -1.00172  0.01486  90  0.21183  1
5716  -1.00192  0.04663  90  0.21052  1
5872  -1.00212  0.07821  90  0.20927  1
6028  -1.00230  0.10960  90  0.20806  1
6185  -1.00246  0.14080  90  0.20688  1
6341  -1.00258  0.17184  90  0.20572  1
6497  -1.00267  0.20269  90  0.20456  1
6653  -1.00269  0.23338  89  0.20338  0
6810  -1.00265  0.26388  89  0.20216  0
6966  -1.00251  0.29421  89  0.20088  0
7122  -1.00226  0.32434  89  0.19953  0
7278  -1.00188  0.35427  88  0.19808  0
7435  -1.00134  0.38397  88  0.19651  0
7591  -1.00062  0.41344  88  0.19480  0
7747  -0.99968  0.44264  87  0.19293  0
7903  -0.99850  0.47156  87  0.19088  0
8060  -0.99702  0.50015  86  0.18864  0
8216  -0.99522  0.52839  85  0.18618  0
8372  -0.99305  0.55623  84  0.18351  0
8528  -0.99046  0.58364  83  0.18062  0
8685  -0.98740  0.61056  82  0.17750  0
8841  -0.98381  0.63694  80  0.17417  0
8997  -0.97965  0.66273  79  0.17065  0
9153  -0.97484  0.68787  77  0.16697  0
9310  -0.96933  0.71230  75  0.16318  0
9466  -0.96304  0.73596  72  0.15935  0
9622  -0.95592  0.75877  69  0.15557  0
9778  -0.94789  0.78068  66  0.15194  0
9935  -0.93889  0.80162  63  0.14860  0
10091  -0.92885  0.82153  59  0.14570  0
10247  -0.91772  0.84033  55  0.14340  0
10403  -0.90543  0.85799  50  0.14185  0
10560  -0.89193  0.87444  42  0.12598  0
10716  -0.87790  0.88709  31  0.11367  0
10872  -0.86335  0.89599  20  0.10997  0
11028  -0.84789  0.90174  10  0.11139  0
11185  -0.83147  0.90481  2  0.11500  0
11341  -0.81423  0.90551  -4  0.12030  0
11497  -0.79624  0.90409  0  0.13095  0
11653  -0.77660  0.90431  4  0.14126  0
11810  -0.75547  0.90586  6  0.15082  0
11966  -0.73300  0.90847  8  0.15944  0
12122  -0.70933  0.91191  9  0.16707  0
12278  -0.68460  0.91596  9  0.17374  0
12435  -0.65893  0.92046  10  0.17950  0
12591  -0.63244  0.92526  10  0.18444  0
12747  -0.60522  0.93023  10  0.18862  0
12903  -0.57738  0.93527  10  0.19214  0
13060  -0.54900  0.94029  9  0.19508  0
13216  -0.52016  0.94523  9  0.19752  2
13367  -0.49092  0.95003  8  0.19952  2
13524  -0.46135  0.95465  8  0.20115  2
13680  -0.43150  0.95906  7  0.20247  2
13836  -0.40142  0.96325  7  0.20352  2
13992  -0.37115  0.96719  6  0.20434  2
14149  -0.34072  0.97088  6  0.20498  0
14305  -0.31017  0.97432  5  0.20545  0
14461  -0.27951  0.97751  5  0.20579  0
14617  -0.24879  0.98045  5  0.20601  0
14774  -0.21801  0.98317  4  0.20615  0
14930  -0.18718  0.98565  4  0.20620  0
15086  -0.15634  0.98793  3  0.20619  0
15242  -0.12548  0.99000  3  0.20612  0
15399  -0.09462  0.99188  3  0.20600  0
15555  -0.06376  0.99359  2  0.20584  0
15711  -0.03293  0.99513  -1  0.19665  0
15867  -0.00343  0.99452  -6  0.18400  0
16024  0.02399  0.99143  -11  0.17383  0
16180  0.04953  0.98614  -8  0.17941  0
16336  0.07613  0.98210  -6  0.18453  0
16492  0.10365  0.97912  -4  0.18909  0
16649  0.13194  0.97704  -2  0.19302  0
16805  0.16086  0.97571  -1  0.19631  0
16977  0.19030  0.97498  0  0.19894  0
17133  0.22014  0.97473  0  0.20096  0
17289  0.25028  0.97486  0  0.20237  0
17446  0.28063  0.97524  1  0.20321  0
17602  0.31111  0.97579  -4  0.18997  0
17758  0.33953  0.97375  -10  0.17304  0
17914  0.36507  0.96911  -16  0.15955  3
18070  0.38803  0.96237  -22  0.14910  3
18227  0.40872  0.95387  -27  0.14153  3
18383  0.42747  0.94390  -33  0.13628  0
18539  0.44458  0.93272  -23  0.14451  0
18695  0.46438  0.92390  -17  0.15371  0
18852  0.48638  0.91700  -12  0.16234  0
19008  0.51012  0.91161  -9  0.16962  0
19164  0.53521  0.90733  -7  0.17518  0
19320  0.56125  0.90384  -6  0.17893  0
19477  0.58792  0.90083  -5  0.18090  0
19633  0.61491  0.89800  -6  0.18123  0
19789  0.64194  0.89510  -6  0.18008  0
19945  0.66876  0.89191  -7  0.17766  0
20102  0.69515  0.88822  -9  0.17419  0
20258  0.72091  0.88384  -11  0.16994  0
20414  0.74586  0.87860  -14  0.16517  0
20570  0.76983  0.87236  -17  0.16018  0
20727  0.79270  0.86498  -21  0.15529  0
20883  0.81434  0.85636  -26  0.15083  0
21039  0.83466  0.84641  -30  0.14710  0
21196  0.85358  0.83507  -36  0.14439  0
21352  0.87106  0.82227  -41  0.14294  0
21508  0.88711  0.80805  -46  0.14271  0
21664  0.90177  0.79246  -51  0.14360  0
21821  0.91509  0.77553  -56  0.14546  0
21977  0.92713  0.75733  -60  0.14809  0
22133  0.93796  0.73794  -64  0.15129  0
22289  0.94765  0.71742  -68  0.15488  0
22446  0.95627  0.69584  -71  0.15870  0
22602  0.96391  0.67330  -74  0.16261  0
22758  0.97063  0.64985  -76  0.16650  0
22914  0.97651  0.62558  -78  0.17028  0
23071  0.98163  0.60055  -80  0.17389  0
23227  0.98605  0.57485  -81  0.17730  0
23383  0.98984  0.54852  -83  0.18046  0
23539  0.99307  0.52165  -84  0.18338  0
23696  0.99580  0.49427  -85  0.18605  0
23852  0.99807  0.46646  -86  0.18847  0
24008  0.99995  0.43825  -86  0.19065  0
24164  1.00149  0.40970  -87  0.19260  0
24321  1.00273  0.38083  -88  0.19433  0
24477  1.00372  0.35170  -88  0.19586  0
24633  1.00449  0.32233  -88  0.19720  0
24789  1.00507  0.29276  -89  0.19836  0
24946  1.00550  0.26301  -89  0.19937  0
25102  1.00581  0.23310  -89  0.20024  0
25258  1.00601  0.20307  -89  0.20097  0
25414  1.00614  0.17292  -89  0.20159  4
25571  1.00620  0.14268  -89  0.20210  4
25727  1.00621  0.11237  -90  0.20251  4
25883  1.00620  0.08199  -90  0.20283  4
26039  1.00615  0.05157  -90  0.20306  4
26196  1.00609  0.02111  -90  0.20322  4
26352  1.00602  -0.00937  -90  0.20329  4
26508  1.00594  -0.03987  -90  0.20329  4
26664  1.00585  -0.07036  -90  0.20321  4
26821  1.00575  -0.10084  -90  0.20305  4
26977  1.00564  -0.13130  -90  0.20281  4
27133  1.00550  -0.16172  -90  0.20247  4
27289  1.00534  -0.19209  -90  0.20204  0
27446  1.00514  -0.22240  -90  0.20151  0
27602  1.00488  -0.25262  -90  0.20086  0
27758  1.00455  -0.28275  -90  0.20008  0
27914  1.00414  -0.31276  -91  0.19916  0
28071  1.00362  -0.34263  -91  0.19809  0
28227  1.00296  -0.37233  -91  0.19685  0
28383  1.00215  -0.40185  -91  0.19543  0
28539  1.00114  -0.43115  -92  0.19382  0
28696  0.99992  -0.46020  -92  0.19199  0
28852  0.99843  -0.48896  -93  0.18994  0
29008  0.99664  -0.51739  -94  0.18765  0
29164  0.99451  -0.54546  -95  0.18513  0
29321  0.99199  -0.57311  -96  0.18235  0
29477  0.98902  -0.60030  -97  0.17933  0
29633  0.98556  -0.62698  -98  0.17608  0
29789  0.98154  -0.65308  -100  0.17261  0
29946  0.97691  -0.67856  -102  0.16896  0
30102  0.97161  -0.70334  -104  0.16517  0
30258  0.96555  -0.72736  -106  0.16130  0
30414  0.95869  -0.75057  -109  0.15744  0
30571  0.95094  -0.77288  -112  0.15370  0
30727  0.94225  -0.79423  -115  0.15019  0
30883  0.93254  -0.81456  -123  0.13678  0
31039  0.92117  -0.83164  -133  0.11848  0
31196  0.90889  -0.84448  -145  0.10630  0
31352  0.89581  -0.85360  -157  0.10027  0
31508  0.88192  -0.85938  -168  0.09973  0
31664  0.86724  -0.86224  -178  0.10327  0
31821  0.85175  -0.86258  173  0.10924  0
31977  0.83546  -0.86079  168  0.11634  0
32133  0.81837  -0.85727  164  0.12366  0
32289  0.80048  -0.85239  162  0.13068  0
32446  0.78178  -0.84650  172  0.13641  0
32602  0.76148  -0.84393  -179  0.14491  0
32758  0.73975  -0.84407  -174  0.15429  0
32914  0.71672  -0.84642  -170  0.16345  0
33071  0.69255  -0.85053  -167  0.17183  0
33227  0.66737  -0.85602  -165  0.17921  0
33383  0.64129  -0.86254  -164  0.18551  0
33539  0.61443  -0.86981  -164  0.19078  0
33696  0.58689  -0.87759  -163  0.19510  0
33852  0.55876  -0.88566  -164  0.19857  0
34008  0.53012  -0.89386  -164  0.20132  0
34164  0.50106  -0.90205  -164  0.20345  0
34321  0.47162  -0.91011  -165  0.20506  0
34477  0.44188  -0.91795  -165  0.20624  0
34633  0.41188  -0.92552  -166  0.20708  0
34789  0.38167  -0.93274  -167  0.20765  0
34946  0.35129  -0.93959  -168  0.20800  0
35102  0.32077  -0.94605  -168  0.20817  0
35258  0.29013  -0.95209  -169  0.20822  0
35414  0.25941  -0.95772  -170  0.20816  0
35571  0.22862  -0.96294  -171  0.20803  0
35727  0.19779  -0.96775  -171  0.20784  0
35883  0.16693  -0.97217  -172  0.20761  0
36039  0.13605  -0.97621  -173  0.20735  0
36196  0.10517  -0.97989  -173  0.20706  0
36352  0.07429  -0.98322  -174  0.20675  0
36508  0.04342  -0.98623  -174  0.20642  0
36664  0.01257  -0.98894  -175  0.20607  0
36821  -0.01824  -0.99136  -175  0.20569  0
36977  -0.04902  -0.99352  -176  0.20529  0
37133  -0.07975  -0.99542  -176  0.20485  0
37289  -0.11044  -0.99709  -175  0.20473  0
37446  -0.14103  -0.99973  -171  0.19493  0
37602  -0.16995  -1.00407  -167  0.17591  0
37758  -0.19567  -1.00994  -162  0.15819  0
37914  -0.21835  -1.01693  -158  0.13968  0
38071  -0.23787  -1.02455  -154  0.12381  0
38227  -0.25460  -1.03261  -150  0.11007  0
38383  -0.26890  -1.04085  -146  0.09879  0
38539  -0.28119  -1.04913  -142  0.08916  0
38696  -0.29175  -1.05735  -159  0.10814  0
38852  -0.30698  -1.06293  -170  0.12962  0
39008  -0.32614  -1.06622  -176  0.14975  0
39164  -0.34857  -1.06752  178  0.16726  0
39321  -0.37365  -1.06707  175  0.18181  0
39477  -0.40085  -1.06510  173  0.19346  0
39633  -0.42968  -1.06179  171  0.20238  0
39789  -0.45970  -1.05729  169  0.20881  6
39946  -0.49052  -1.05172  171  0.20893  6
40102  -0.52149  -1.04693  174  0.19595  6
40258  -0.55077  -1.04436  178  0.17058  6
40415  -0.57635  -1.04349  -179  0.14394  6
40571  -0.59794  -1.04369  -176  0.12073  6
40727  -0.61602  -1.04468  -174  0.10034  0
40883  -0.63099  -1.04622  -171  0.08348  0
41040  -0.64338  -1.04804  170  0.10243  0
41196  -0.65855  -1.04561  160  0.12238  0
41352  -0.67582  -1.03938  152  0.14054  0
41508  -0.69457  -1.02975  147  0.15616  0
41664  -0.71427  -1.01708  142  0.16924  0
41821  -0.73445  -1.00167  138  0.18000  0
41977  -0.75469  -0.98380  134  0.18879  0
42133  -0.77466  -0.96372  131  0.19590  0
42289  -0.79411  -0.94170  131  0.19738  0
42446  -0.81391  -0.91968  133  0.19624  0
42602  -0.83433  -0.89848  135  0.19524  0
42758  -0.85524  -0.87797  136  0.19426  0
42914  -0.87647  -0.85801  130  0.19672  0
43071  -0.89549  -0.83545  124  0.20016  0
43227  -0.91244  -0.81068  119  0.20402  0
43383  -0.92747  -0.78402  115  0.20791  0
43540  -0.94073  -0.75579  111  0.21158  0
43696  -0.95235  -0.72626  108  0.21488  0
43852  -0.96247  -0.69566  105  0.21771  0
44008  -0.97124  -0.66420  103  0.22004  0
44165  -0.97877  -0.63206  101  0.22186  0
44321  -0.98520  -0.59941  99  0.22321  0
44477  -0.99064  -0.56637  97  0.22412  0
44633  -0.99519  -0.53307  96  0.22463  0
44790  -0.99896  -0.49958  95  0.22479  0
44947  -1.00205  -0.46601  94  0.22465  0
45103  -1.00454  -0.43240  93  0.22425  0
45259  -1.00651  -0.39882  92  0.22365  0
45416  -1.00804  -0.36531  91  0.22288  0
45572  -1.00919  -0.33190  86  0.20731  0
45728  -1.00726  -0.30086  80  0.19486  0
45884  -1.00258  -0.27201  75  0.18495  0
46041  -0.99543  -0.24521  78  0.19036  0
46197  -0.98972  -0.21723  81  0.19537  0
46353  -0.98528  -0.18826  83  0.19985  0
46509  -0.98194  -0.15847  85  0.20373  1
46666  -0.97953  -0.12800  80  0.19415  1
46822  -0.97498  -0.09924  76  0.18503  1
46978  -0.96830  -0.07230  71  0.17607  1
47134  -0.95971  -0.04733  66  0.16870  1
47291  -0.94944  -0.02420  61  0.16233  1
47447  -0.93771  -0.00286  70  0.16960  0
47603  -0.92914  0.02109  77  0.17873  0
47759  -0.92323  0.04724  82  0.18815  0
47916  -0.91958  0.07523  86  0.19696  0
48072  -0.91779  0.10472  89  0.20469  0
48228  -0.91752  0.13542  91  0.21114  0
48384  -0.91847  0.16707  93  0.21623  0
48541  -0.92037  0.19945  94  0.22001  0
48697  -0.92299  0.23235  95  0.22255  0
48853  -0.92610  0.26559  95  0.22395  0
49009  -0.92952  0.29901  96  0.22430  0
49166  -0.93309  0.33246  96  0.22373  0
49322  -0.93665  0.36583  95  0.22232  0
49478  -0.94008  0.39900  95  0.22018  0
49634  -0.94327  0.43188  94  0.21737  0
49791  -0.94610  0.46436  94  0.21399  0
49947  -0.94848  0.49637  93  0.21010  0
50103  -0.95033  0.52783  92  0.20576  0
50259  -0.95156  0.55867  91  0.20103  0
50416  -0.95210  0.58882  89  0.19596  0
50572  -0.95188  0.61821  87  0.19062  0
50728  -0.95083  0.64679  85  0.18506  0
50884  -0.94889  0.67448  83  0.17937  0
51041  -0.94598  0.70122  81  0.17361  0
51197  -0.94205  0.72697  72  0.15485  0
51353  -0.93525  0.74918  63  0.14094  0
51509  -0.92591  0.76815  54  0.13215  0
51666  -0.91426  0.78419  44  0.12810  0
51822  -0.90051  0.79760  35  0.12585  0
51978  -0.88512  0.80853  26  0.12262  0
52134  -0.86871  0.81685  29  0.12652  0
52291  -0.85226  0.82631  31  0.13062  0
52447  -0.83554  0.83652  31  0.13465  0
52603  -0.81838  0.84717  31  0.13845  0
52760  -0.80066  0.85801  30  0.14200  0
52916  -0.78233  0.86885  29  0.14538  0
53072  -0.76333  0.87955  27  0.14861  0
53228  -0.74362  0.88996  26  0.15175  0
53384  -0.72319  0.90000  24  0.15482  0
53541  -0.70204  0.90960  22  0.15785  0
53697  -0.68018  0.91869  20  0.16084  0
53853  -0.65762  0.92724  18  0.16378  0
54009  -0.63439  0.93524  17  0.16668  0
54166  -0.61052  0.94266  15  0.16951  0
54322  -0.58603  0.94952  14  0.17226  0
54478  -0.56097  0.95581  12  0.17491  2
54634  -0.53537  0.96156  11  0.17745  2
54791  -0.50927  0.96678  10  0.17987  2
54947  -0.48271  0.97150  8  0.18216  2
55103  -0.45572  0.97575  7  0.18432  2
55259  -0.42833  0.97956  6  0.18635  2
55416  -0.40059  0.98295  6  0.18823  2
55572  -0.37251  0.98596  5  0.18998  2
55728  -0.34414  0.98863  4  0.19159  2
55885  -0.31550  0.99098  4  0.19306  2
56041  -0.28661  0.99304  3  0.19440  0
56197  -0.25751  0.99485  3  0.19561  0
56348  -0.22821  0.99642  2  0.19670  0
56506  -0.19874  0.99779  2  0.19767  0
56662  -0.16911  0.99898  1  0.19854  0
56818  -0.13935  1.00001  1  0.19929  0
56974  -0.10947  1.00091  1  0.19994  0
57131  -0.07949  1.00168  1  0.20050  0
57287  -0.04942  1.00234  1  0.20096  0
57443  -0.01928  1.00291  0  0.20133  0
57599  0.01092  1.00339  0  0.20161  0
57756  0.04115  1.00380  0  0.20180  0
57912  0.07142  1.00414  0  0.20189  0
58068  0.10170  1.00441  0  0.20189  0
58224  0.13199  1.00462  0  0.20180  0
58381  0.16226  1.00476  0  0.20160  0
58537  0.19250  1.00483  0  0.20129  0
58693  0.22269  1.00483  0  0.20087  0
58849  0.25282  1.00473  0  0.20031  0
59006  0.28287  1.00455  0  0.19962  0
59162  0.31281  1.00424  0  0.19879  3
59318  0.34263  1.00381  -1  0.19778  3
59474  0.37229  1.00322  -1  0.19661  3
59631  0.40177  1.00246  -1  0.19524  3
59787  0.43104  1.00150  -2  0.19367  3
59943  0.46006  1.00029  -2  0.19188  3
60099  0.48881  0.99882  -3  0.18987  3
60256  0.51723  0.99704  -4  0.18761  3
60412  0.54529  0.99491  -5  0.18511  3
60568  0.57295  0.99238  -6  0.18236  3
60724  0.60014  0.98941  -10  0.16641  3
60881  0.62470  0.98497  -16  0.13904  3
61037  0.64472  0.97913  -23  0.11730  3
61193  0.66083  0.97204  -33  0.10062  0
61349  0.67346  0.96378  -44  0.08933  0
61506  0.68306  0.95443  -55  0.08340  0
61662  0.69006  0.94406  -46  0.09617  0
61818  0.70008  0.93369  -40  0.10874  0
61974  0.71249  0.92310  -37  0.11981  0
62131  0.72672  0.91213  -36  0.12902  0
62287  0.74227  0.90060  -36  0.13639  0
62443  0.75868  0.88838  -37  0.14215  0
62599  0.77554  0.87533  -39  0.14661  0
62756  0.79250  0.86133  -41  0.15010  0
62912  0.80925  0.84629  -44  0.15297  0
63068  0.82560  0.83019  -47  0.15544  0
63224  0.84139  0.81303  -50  0.15768  0
63381  0.85649  0.79483  -53  0.15984  0
63537  0.87082  0.77560  -56  0.16198  0
63693  0.88432  0.75540  -59  0.16417  0
63849  0.89694  0.73426  -61  0.16642  0
64006  0.90868  0.71223  -64  0.16874  0
64162  0.91953  0.68936  -67  0.17111  0
64318  0.92949  0.66570  -69  0.17350  0
64474  0.93860  0.64133  -71  0.17589  0
64631  0.94689  0.61628  -73  0.17825  0
64787  0.95438  0.59061  -75  0.18055  0
64943  0.96112  0.56438  -77  0.18276  0
65099  0.96716  0.53764  -78  0.18487  0
65256  0.97253  0.51044  -80  0.18686  0
65412  0.97730  0.48281  -81  0.18874  0
65568  0.98150  0.45482  -82  0.19048  0
65724  0.98518  0.42648  -83  0.19209  0
65881  0.98840  0.39785  -84  0.19357  0
66037  0.99119  0.36895  -85  0.19491  0
66193  0.99361  0.33981  -85  0.19613  0
66349  0.99568  0.31047  -86  0.19722  0
66506  0.99745  0.28094  -87  0.19820  0
66662  0.99896  0.25124  -87  0.19906  0
66818  1.00024  0.22141  -87  0.19982  0
66974  1.00131  0.19146  -88  0.20047  0
67131  1.00221  0.16140  -88  0.20104  4
67287  1.00296  0.13126  -88  0.20151  4
67443  1.00358  0.10104  -89  0.20190  4
67599  1.00409  0.07075  -89  0.20221  4
67756  1.00451  0.04043  -89  0.20245  4
67912  1.00485  0.01006  -89  0.20261  4
68068  1.00512  -0.02033  -89  0.20269  4
68224  1.00533  -0.05073  -89  0.20270  4
68381  1.00548  -0.08114  -89  0.20263  4
68537  1.00557  -0.11153  -89  0.20248  4
68700  1.00562  -0.14190  -90  0.20224  4
68856  1.00561  -0.17224  -90  0.20191  4
69012  1.00553  -0.20253  -90  0.20148  0
69169  1.00539  -0.23275  -90  0.20094  0
69325  1.00517  -0.26289  -90  0.20028  0
69481  1.00485  -0.29293  -90  0.19948  0
69637  1.00442  -0.32285  -91  0.19854  0
69794  1.00387  -0.35263  -91  0.19744  0
69950  1.00316  -0.38223  -91  0.19617  0
70106  1.00227  -0.41165  -92  0.19470  0
70262  1.00118  -0.44083  -92  0.19304  0
70419  0.99984  -0.46976  -93  0.19116  0
70575  0.99822  -0.49838  -93  0.18905  0
70731  0.99629  -0.52668  -94  0.18670  0
70887  0.99400  -0.55459  -95  0.18411  0
71044  0.99129  -0.58207  -96  0.18127  0
71200  0.98813  -0.60907  -97  0.17819  0
71356  0.98445  -0.63555  -99  0.17488  0
71512  0.98020  -0.66143  -100  0.17137  0
71669  0.97531  -0.68667  -102  0.16768  0
71825  0.96973  -0.71120  -104  0.16388  0
71981  0.96338  -0.73494  -107  0.16003  0
72137  0.95620  -0.75785  -110  0.15622  0
72294  0.94812  -0.77985  -113  0.15256  0
72450  0.93908  -0.80087  -116  0.14918  0
72606  0.92901  -0.82085  -120  0.14623  0
72762  0.91784  -0.83973  -124  0.14388  0
72919  0.90552  -0.85745  -134  0.13739  0
73075  0.89105  -0.87213  -144  0.12558  0
73231  0.87567  -0.88300  -155  0.11664  0
73388  0.85977  -0.89030  -166  0.11301  0
73544  0.84332  -0.89439  -175  0.11374  0
73700  0.82631  -0.89570  176  0.11753  0
73856  0.80871  -0.89460  170  0.12310  0
74012  0.79051  -0.89149  165  0.12943  0
74169  0.77169  -0.88674  173  0.13681  0
74325  0.75129  -0.88451  179  0.14545  0
74481  0.72947  -0.88436  -176  0.15424  0
74638  0.70639  -0.88589  -173  0.16257  0
74794  0.68217  -0.88877  -171  0.17014  0
74950  0.65696  -0.89270  -169  0.17683  0
75106  0.63086  -0.89744  -168  0.18261  0
75263  0.60399  -0.90276  -168  0.18753  0
75419  0.57645  -0.90848  -168  0.19166  0
75575  0.54832  -0.91444  -168  0.19508  0
75731  0.51970  -0.92050  -168  0.19787  0
75888  0.49064  -0.92658  -168  0.20014  0
76044  0.46123  -0.93257  -168  0.20194  0
76200  0.43150  -0.93842  -169  0.20337  0
76356  0.40153  -0.94406  -169  0.20447  0
76513  0.37133  -0.94946  -170  0.20530  0
76669  0.34097  -0.95459  -170  0.20592  0
76825  0.31046  -0.95943  -171  0.20635  0
76981  0.27985  -0.96398  -172  0.20663  0
77138  0.24914  -0.96822  -172  0.20680  0
77294  0.21838  -0.97216  -173  0.20687  0
77450  0.18756  -0.97580  -172  0.21043  0
77606  0.15624  -0.97977  -169  0.20180  0
77763  0.12649  -0.98532  -166  0.19622  0
77919  0.09788  -0.99222  -164  0.19244  0
78075  0.07012  -1.00016  -162  0.19223  0
78231  0.04264  -1.00888  -161  0.19210  0
78388  0.01538  -1.01821  -160  0.19199  0
78544  -0.01174  -1.02791  -160  0.19185  0
78700  -0.03879  -1.03774  -164  0.19318  0
78856  -0.06677  -1.04525  -169  0.19531  0
79013  -0.09555  -1.05075  -172  0.19778  0
79169  -0.12497  -1.05453  -175  0.20024  0
79325  -0.15492  -1.05685  -177  0.20249  0
79481  -0.18528  -1.05793  -179  0.20439  0
79638  -0.21593  -1.05796  178  0.20586  0
79794  -0.24680  -1.05711  -178  0.18034  0
79950  -0.27385  -1.05771  -175  0.15644  0
80106  -0.29722  -1.05975  -170  0.13630  0
80263  -0.31742  -1.06295  -166  0.11974  0
80419  -0.33489  -1.06710  -162  0.10657  0
80575  -0.35011  -1.07199  -157  0.09636  0
80731  -0.36347  -1.07751  -153  0.08855  0
80888  -0.37534  -1.08347  -169  0.11011  0
81044  -0.39157  -1.08655  -178  0.13235  0
81200  -0.41141  -1.08712  175  0.15234  0
81356  -0.43421  -1.08550  172  0.16923  0
81513  -0.45934  -1.08199  169  0.18291  0
81669  -0.48629  -1.07680  166  0.19355  0
81825  -0.51454  -1.07013  164  0.20141  0
81981  -0.54368  -1.06215  162  0.20678  0
82138  -0.57331  -1.05297  160  0.20997  0
82294  -0.60308  -1.04270  159  0.21128  6
82450  -0.63269  -1.03140  160  0.19748  6
82606  -0.66060  -1.02147  163  0.18092  6
82763  -0.68668  -1.01396  167  0.16452  0
82919  -0.71077  -1.00863  170  0.15017  0
83075  -0.73302  -1.00508  173  0.13758  0
83231  -0.75354  -1.00289  162  0.14184  0
83388  -0.77383  -0.99650  152  0.14835  0
83544  -0.79364  -0.98636  144  0.15595  0
83700  -0.81274  -0.97285  137  0.16391  0
83856  -0.83094  -0.95632  131  0.17178  0
84013  -0.84815  -0.93715  126  0.17921  0
84169  -0.86432  -0.91567  122  0.18599  0
84325  -0.87940  -0.89220  119  0.19205  0
84481  -0.89338  -0.86701  115  0.19735  0
84638  -0.90627  -0.84037  112  0.20190  0
84794  -0.91809  -0.81248  110  0.20575  0
84950  -0.92887  -0.78356  108  0.20893  0
85106  -0.93865  -0.75379  106  0.21151  0
85263  -0.94748  -0.72332  104  0.21354  0
85419  -0.95540  -0.69228  102  0.21508  0
85575  -0.96248  -0.66080  101  0.21619  0
85731  -0.96877  -0.62899  99  0.21693  0
85888  -0.97433  -0.59693  98  0.21735  0
86044  -0.97921  -0.56470  97  0.21749  0
86200  -0.98348  -0.53235  96  0.21741  0
86356  -0.98719  -0.49995  95  0.21714  0
86513  -0.99039  -0.46754  90  0.20299  0
86669  -0.99063  -0.43709  85  0.19088  0
86825  -0.98814  -0.40857  79  0.18094  0
86981  -0.98319  -0.38188  74  0.17296  0
87138  -0.97606  -0.35694  78  0.18017  0
87294  -0.97064  -0.33046  81  0.18703  0
87450  -0.96668  -0.30269  84  0.19329  0
87606  -0.96398  -0.27382  86  0.19881  0
87763  -0.96234  -0.24404  88  0.20355  0
87919  -0.96159  -0.21352  89  0.20752  0
88075  -0.96158  -0.18239  91  0.21075  0
88231  -0.96218  -0.15079  90  0.21507  0
88388  -0.96247  -0.11853  85  0.19833  1
88544  -0.95990  -0.08889  79  0.18495  1
88700  -0.95480  -0.06162  73  0.17476  1
88856  -0.94747  -0.03645  68  0.16739  1
89013  -0.93823  -0.01311  63  0.16234  0
89169  -0.92736  0.00869  59  0.15907  0
89325  -0.91517  0.02920  69  0.16619  0
89481  -0.90654  0.05259  77  0.17608  0
89638  -0.90090  0.07839  83  0.18660  0
89794  -0.89776  0.10620  87  0.19653  0
89950  -0.89669  0.13566  91  0.20525  0
90106  -0.89728  0.16644  93  0.21248  0
90263  -0.89918  0.19826  95  0.21815  0
90419  -0.90209  0.23085  96  0.22229  0
90575  -0.90574  0.26399  97  0.22499  0
90731  -0.90987  0.29749  97  0.22637  0
90888  -0.91428  0.33116  97  0.22656  0
91044  -0.91878  0.36484  97  0.22569  0
91200  -0.92321  0.39840  97  0.22387  0
91356  -0.92741  0.43172  96  0.22121  0
91513  -0.93127  0.46467  95  0.21783  0
91669  -0.93466  0.49717  95  0.21381  0
91825  -0.93749  0.52912  93  0.20923  0
91981  -0.93965  0.56043  92  0.20418  0
92138  -0.94106  0.59102  91  0.19874  0
92294  -0.94165  0.62083  89  0.19297  0
92450  -0.94133  0.64977  87  0.18695  0
92606  -0.94003  0.67779  85  0.18079  0
92763  -0.93769  0.70480  82  0.17456  0
92919  -0.93424  0.73076  79  0.16839  0
93075  -0.92962  0.75559  76  0.16242  0
93231  -0.92378  0.77924  72  0.15679  0
93389  -0.91664  0.80165  68  0.15168  0
93545  -0.90818  0.82277  63  0.14729  0
93701  -0.89833  0.84255  53  0.13759  0
93858  -0.88601  0.85911  42  0.12709  0
94014  -0.87200  0.87203  31  0.12041  0
94170  -0.85664  0.88154  21  0.11885  0
94326  -0.84001  0.88796  11  0.12136  0
94483  -0.82218  0.89164  3  0.12663  0
94639  -0.80323  0.89292  -2  0.13344  0
94795  -0.78323  0.89215  -6  0.14085  0
94951  -0.76225  0.88966  -1  0.14584  0
95108  -0.74038  0.88922  3  0.15164  0
95264  -0.71767  0.89045  6  0.15760  0
95420  -0.69417  0.89302  8  0.16335  0
95576  -0.66993  0.89664  10  0.16868  0
95733  -0.64502  0.90106  11  0.17349  0
95889  -0.61948  0.90608  11  0.17776  0
96045  -0.59338  0.91150  12  0.18150  0
96201  -0.56675  0.91718  12  0.18475  0
96358  -0.53965  0.92297  11  0.18754  0
96514  -0.51213  0.92879  11  0.18994  0
96670  -0.48422  0.93454  11  0.19200  0
96826  -0.45597  0.94016  10  0.19376  0
96983  -0.42742  0.94558  7  0.19478  0
97139  -0.39844  0.94929  4  0.19592  0
97295  -0.36913  0.95145  1  0.19730  0
97451  -0.33955  0.95228  0  0.19875  0
97608  -0.30974  0.95196  -2  0.20020  0
97764  -0.27973  0.95063  -4  0.20184  0
97920  -0.24953  0.94850  -5  0.20345  0
98076  -0.21914  0.94572  -6  0.20486  0
98233  -0.18860  0.94239  -3  0.20369  0
98389  -0.15810  0.94055  -1  0.20309  0
98545  -0.12764  0.93995  0  0.20283  0
98701  -0.09722  0.94039  2  0.20277  0
98858  -0.06683  0.94165  3  0.20281  0
99014  -0.03647  0.94358  4  0.20288  0
99170  -0.00613  0.94602  5  0.20293  0
99326  0.02417  0.94884  5  0.20292  0
99483  0.05446  0.95192  6  0.20285  0
99639  0.08471  0.95518  6  0.20269  0
99795  0.11493  0.95852  6  0.20245  0
99951  0.14511  0.96187  1  0.18666  0
