t  ID  type  x  y  dx  dy
1200  4  1  1.00000  -0.92667  -0.00667  0.00000
1310  4  1  1.00000  -0.92667  -0.08000  0.35333
1419  4  1  1.00000  -0.92667  -0.10000  0.44000
1966  4  1  1.00000  -0.92667  -0.08667  0.44000
2075  4  1  1.00000  -0.92667  -0.06000  0.44667
2403  4  3  1.00000  -0.92667  -0.06000  0.44667
2731  3  1  1.12000  0.46667  0.04667  0.00667
2841  3  1  1.12000  0.46667  0.30667  0.01333
2950  3  1  1.12000  0.46667  0.62667  0.01333
3060  3  1  1.12000  0.46667  0.68667  0.00667
3169  3  1  1.12000  0.46667  0.72000  -0.01333
3278  3  1  1.12000  0.46667  0.74667  -0.02000
3388  3  1  1.12000  0.46667  0.75333  -0.02667
3497  3  1  1.12000  0.46667  0.76000  -0.03333
3606  3  1  1.12000  0.46667  0.78667  -0.06000
3716  3  1  1.12000  0.46667  0.82667  -0.11333
3825  3  1  1.12000  0.46667  0.86000  -0.18000
3935  3  1  1.12000  0.46667  0.87333  -0.21333
4044  3  1  1.12000  0.46667  0.88667  -0.23333
4153  3  1  1.12000  0.46667  0.92000  -0.26667
4263  3  3  1.12000  0.46667  0.92667  -0.26667
4810  4  1  -0.33333  -1.00667  -0.03333  -0.13333
4919  4  1  -0.33333  -1.00667  0.04000  -0.56667
5028  4  1  -0.33333  -1.00667  0.04000  -0.64667
5138  4  1  -0.33333  -1.00667  0.04000  -0.66667
5247  4  1  -0.33333  -1.00667  0.03333  -0.67333
5356  4  1  -0.33333  -1.00667  0.00667  -0.69333
5466  4  1  -0.33333  -1.00667  -0.00667  -0.70000
5575  4  1  -0.33333  -1.00667  -0.01333  -0.70667
5685  4  1  -0.33333  -1.00667  -0.02667  -0.72000
5794  4  1  -0.33333  -1.00667  -0.03333  -0.74000
5903  4  1  -0.33333  -1.00667  -0.03333  -0.74667
6231  4  1  -0.33333  -1.00667  -0.04000  -0.75333
6341  4  3  -0.33333  -1.00667  -0.04667  -0.75333
6888  2  1  0.42000  0.69333  0.00667  -0.00667
6997  2  1  0.42000  0.69333  -0.10667  -0.33333
7106  2  1  0.42000  0.69333  -0.38000  -0.82667
7216  2  1  0.42000  0.69333  -0.41333  -0.92000
7325  2  3  0.42000  0.69333  -0.42667  -0.93333
7544  4  1  -0.49333  -1.20000  -0.00667  -0.24000
7653  4  1  -0.49333  -1.20000  -0.04000  -0.36000
7763  4  1  -0.49333  -1.20000  -0.04667  -0.39333
7872  4  1  -0.49333  -1.20000  -0.06000  -0.40000
7981  4  1  -0.49333  -1.20000  -0.08667  -0.46000
8091  4  1  -0.49333  -1.20000  -0.14000  -0.66000
8200  4  1  -0.49333  -1.20000  0.25333  -0.68000
8310  4  1  -0.49333  -1.20000  0.56000  -0.60000
8419  4  1  -0.49333  -1.20000  0.57333  -0.59333
8638  4  3  -0.49333  -1.20000  0.57333  -0.59333
8966  3  1  1.09333  -0.94000  0.01333  0.00000
9075  3  3  1.09333  -0.94000  0.01333  0.00000
9294  3  1  0.58000  -0.76000  -0.25333  0.29333
9403  3  1  0.58000  -0.76000  -0.39333  0.76667
9513  3  1  0.58000  -0.76000  -0.39333  0.81333
9622  3  1  0.58000  -0.76000  -0.40000  0.84000
9731  3  1  0.58000  -0.76000  -0.40000  0.90000
9841  3  1  0.58000  -0.76000  -0.40000  0.92667
10060  3  1  0.58000  -0.76000  -0.39333  0.95333
10169  3  3  0.58000  -0.76000  -0.38667  1.00000
10388  1  1  -0.50667  0.72667  0.00667  -0.21333
10497  1  1  -0.50667  0.72667  0.15333  -0.50667
10606  1  1  -0.50667  0.72667  0.27333  -0.53333
10716  1  1  -0.50667  0.72667  0.34000  -0.54667
10825  1  1  -0.50667  0.72667  0.34667  -0.56667
10935  1  1  -0.50667  0.72667  0.36000  -0.62000
11044  1  1  -0.50667  0.72667  0.36000  -0.63333
11263  1  3  -0.50667  0.72667  0.36000  -0.63333
11700  3  1  0.40000  -0.83333  -0.04000  0.27333
11810  3  1  0.40000  -0.83333  -0.05333  0.56667
11919  3  1  0.40000  -0.83333  -0.05333  0.58000
12028  3  1  0.40000  -0.83333  -0.05333  0.59333
12138  3  1  0.40000  -0.83333  -0.05333  0.66667
12247  3  1  0.40000  -0.83333  0.00667  0.79333
12357  3  3  0.40000  -0.83333  0.02667  0.82667
12685  2  1  1.28000  0.14000  0.40667  -0.04000
12794  2  1  1.28000  0.14000  0.71333  -0.08667
12903  2  1  1.28000  0.14000  0.82000  -0.10667
13013  2  1  1.28000  0.14000  0.88000  -0.11333
13122  2  1  1.28000  0.14000  0.91333  -0.11333
13232  2  3  1.28000  0.14000  0.92000  -0.11333
13774  3  1  0.33333  -0.81333  -0.02000  0.14000
13883  3  1  0.33333  -0.81333  -0.06000  0.45333
13992  3  3  0.33333  -0.81333  -0.07333  0.49333
14211  4  1  -1.18667  -0.00667  0.54000  -0.18000
14320  4  1  -1.18667  -0.00667  1.48667  -0.35333
14430  4  1  -1.18667  -0.00667  1.49333  -0.35333
15086  4  3  -1.18667  -0.00667  1.49333  -0.35333
15524  1  1  0.16667  0.80000  0.00000  -0.20667
15633  1  1  0.16667  0.80000  -0.01333  -0.59333
15742  1  1  0.16667  0.80000  -0.02667  -0.66000
15852  1  1  0.16667  0.80000  -0.02667  -0.66667
15961  1  3  0.16667  0.80000  -0.02667  -0.66667
16180  3  1  0.03333  -1.12000  -0.00667  -0.05333
16289  3  1  0.03333  -1.12000  -0.08000  -0.52667
16399  3  1  0.03333  -1.12000  -0.11333  -0.63333
16508  3  1  0.03333  -1.12000  -0.13333  -0.66667
16617  3  1  0.03333  -1.12000  -0.14000  -0.68000
16727  3  1  0.03333  -1.12000  -0.15333  -0.68000
16836  3  1  0.03333  -1.12000  -0.17333  -0.69333
16945  3  1  0.03333  -1.12000  -0.18000  -0.70000
17055  3  1  0.03333  -1.12000  -0.18667  -0.70667
17164  3  3  0.03333  -1.12000  -0.18667  -0.70667
17383  1  1  0.63333  0.94000  0.00000  -0.49333
17492  1  1  0.63333  0.94000  -0.18000  -0.92000
17602  1  1  0.63333  0.94000  -0.21333  -0.98667
17711  1  1  0.63333  0.94000  -0.23333  -1.02000
17820  1  1  0.63333  0.94000  -0.24667  -1.04000
17930  1  1  0.63333  0.94000  -0.25333  -1.05333
18039  1  1  0.63333  0.94000  -0.26000  -1.07333
18149  1  1  0.63333  0.94000  -0.26000  -1.08000
18258  1  3  0.63333  0.94000  -0.26000  -1.09333
19024  3  1  -0.78667  -0.84667  0.00000  -0.16000
19133  3  1  -0.78667  -0.84667  0.00000  -0.36000
19242  3  1  -0.78667  -0.84667  0.00000  -0.40000
19352  3  1  -0.78667  -0.84667  -0.00667  -0.42000
19570  3  3  -0.78667  -0.84667  -0.01333  -0.42000
20008  4  1  -0.86000  0.72667  0.14667  -0.05333
20117  4  1  -0.86000  0.72667  0.50667  -0.40667
20227  4  1  -0.86000  0.72667  0.55333  -0.60667
20336  4  1  -0.86000  0.72667  0.56000  -0.62667
20445  4  1  -0.86000  0.72667  0.76667  -0.56667
20555  4  1  -0.86000  0.72667  0.97333  -0.46000
20664  4  3  -0.86000  0.72667  1.00667  -0.44000
21102  2  1  0.86667  -0.76000  -0.16000  0.31333
21211  2  1  0.86667  -0.76000  -0.24667  0.53333
21321  2  1  0.86667  -0.76000  -0.24667  0.68667
21430  2  1  0.86667  -0.76000  -0.22667  0.83333
21539  2  1  0.86667  -0.76000  -0.22667  0.88000
21758  2  3  0.86667  -0.76000  -0.22667  0.88000
22852  4  1  -0.34000  0.72667  0.00667  -0.41333
22961  4  1  -0.34000  0.72667  0.02000  -0.84000
23071  4  1  -0.34000  0.72667  0.02000  -0.87333
23180  4  1  -0.34000  0.72667  0.02000  -0.89333
23289  4  1  -0.34000  0.72667  0.02667  -0.91333
23399  4  1  -0.34000  0.72667  0.03333  -0.91333
23617  4  3  -0.34000  0.72667  0.03333  -0.92667
23836  3  1  -0.77333  -0.28000  0.24000  0.02000
23946  3  1  -0.77333  -0.28000  0.98667  0.03333
24055  3  3  -0.77333  -0.28000  1.01333  0.03333
24383  2  1  0.45333  -0.88667  -0.00667  0.03333
24492  2  1  0.45333  -0.88667  0.00667  0.44667
24602  2  3  0.45333  -0.88667  0.00667  0.46000
25039  3  1  -0.74667  -0.01333  0.19333  -0.08667
25149  3  1  -0.74667  -0.01333  0.87333  -0.16000
25258  3  1  -0.74667  -0.01333  1.01333  -0.16000
25367  3  1  -0.74667  -0.01333  1.03333  -0.16000
25477  3  1  -0.74667  -0.01333  1.04000  -0.15333
25696  3  1  -0.74667  -0.01333  1.06000  -0.14000
25805  3  1  -0.74667  -0.01333  1.12667  -0.10667
25914  3  1  -0.74667  -0.01333  1.20000  -0.07333
26024  3  1  -0.74667  -0.01333  1.20667  -0.07333
26133  3  3  -0.74667  -0.01333  1.20667  -0.07333
26352  2  1  -0.21333  -1.68667  0.01333  -0.07333
26461  2  1  -0.21333  -1.68667  0.03333  -0.16667
26571  2  1  -0.21333  -1.68667  0.06000  -0.20667
26680  2  1  -0.21333  -1.68667  0.16000  -0.20667
26789  2  1  -0.21333  -1.68667  0.36000  -0.20667
26899  2  1  -0.21333  -1.68667  0.44000  -0.22667
27008  2  1  -0.21333  -1.68667  0.58000  -0.25333
27117  2  1  -0.21333  -1.68667  0.61333  -0.25333
27446  2  3  -0.21333  -1.68667  0.62000  -0.24667
28211  4  1  0.52667  0.65333  -0.13333  -0.14000
28321  4  1  0.52667  0.65333  -0.90667  -0.55333
28430  4  1  0.52667  0.65333  -1.20000  -0.54667
28539  4  1  0.52667  0.65333  -1.31333  -0.49333
28649  4  1  0.52667  0.65333  -1.34000  -0.43333
28758  4  1  0.52667  0.65333  -1.34000  -0.42667
28867  4  3  0.52667  0.65333  -1.34000  -0.41333
29196  3  1  -0.93333  0.73333  0.44000  -0.13333
29305  3  1  -0.93333  0.73333  0.64667  -0.19333
29414  3  1  -0.93333  0.73333  0.68000  -0.21333
29524  3  1  -0.93333  0.73333  0.72000  -0.27333
29633  3  3  -0.93333  0.73333  0.74000  -0.30000
30617  1  1  0.61333  -0.70667  -0.03333  0.09333
30727  1  1  0.61333  -0.70667  -0.32667  0.62000
30836  1  1  0.61333  -0.70667  -0.36667  0.70667
30946  1  1  0.61333  -0.70667  -0.36667  0.72667
32258  1  3  0.61333  -0.70667  -0.36667  0.72667
32477  3  1  -0.45333  0.90667  0.08000  -0.08667
32586  3  1  -0.45333  0.90667  0.26667  -0.65333
32696  3  1  -0.45333  0.90667  0.20000  -0.89333
32805  3  1  -0.45333  0.90667  0.16667  -0.94667
32914  3  1  -0.45333  0.90667  0.16000  -0.95333
33352  3  3  -0.45333  0.90667  0.16000  -0.95333
34008  2  1  -0.95333  -0.34667  0.20667  0.02667
34118  2  1  -0.95333  -0.34667  0.78667  0.17333
34227  2  1  -0.95333  -0.34667  0.89333  0.20667
34336  2  1  -0.95333  -0.34667  0.96000  0.20667
34446  2  1  -0.95333  -0.34667  1.04667  0.20000
34555  2  1  -0.95333  -0.34667  1.11333  0.18667
34664  2  1  -0.95333  -0.34667  1.19333  0.14667
34774  2  1  -0.95333  -0.34667  1.30667  0.09333
34993  2  3  -0.95333  -0.34667  1.30667  0.09333
36196  2  1  -0.53333  -0.08667  0.44667  -0.00667
36305  2  1  -0.53333  -0.08667  0.86000  0.02000
36414  2  1  -0.53333  -0.08667  0.87333  0.02667
36524  2  1  -0.53333  -0.08667  0.92000  -0.00667
36633  2  1  -0.53333  -0.08667  0.92667  -0.01333
36743  2  1  -0.53333  -0.08667  0.93333  -0.02000
36852  2  3  -0.53333  -0.08667  0.93333  -0.02000
37071  1  1  -0.05333  -1.25333  -0.01333  -0.06667
37180  1  1  -0.05333  -1.25333  0.00000  -0.27333
37289  1  1  -0.05333  -1.25333  0.16667  -0.44667
37399  1  1  -0.05333  -1.25333  0.26000  -0.46667
37508  1  1  -0.05333  -1.25333  0.34000  -0.46000
37618  1  1  -0.05333  -1.25333  0.46000  -0.46000
37727  1  1  -0.05333  -1.25333  0.54667  -0.46000
37836  1  1  -0.05333  -1.25333  0.57333  -0.46000
37946  1  1  -0.05333  -1.25333  0.60667  -0.45333
38055  1  1  -0.05333  -1.25333  0.64000  -0.44000
38164  1  1  -0.05333  -1.25333  0.66000  -0.42667
38274  1  1  -0.05333  -1.25333  0.67333  -0.41333
38493  1  3  -0.05333  -1.25333  0.67333  -0.41333
38930  3  1  0.53333  0.53333  0.00000  -0.02000
39039  3  1  0.53333  0.53333  -0.14000  -0.32000
39149  3  1  0.53333  0.53333  -0.22667  -0.46000
39258  3  3  0.53333  0.53333  -0.23333  -0.46667
39696  1  1  0.00000  -1.36000  -0.24667  -0.16000
39805  1  1  0.00000  -1.36000  -0.38000  -0.44000
39914  1  1  0.00000  -1.36000  -0.16667  -0.56667
40024  1  1  0.00000  -1.36000  0.33333  -0.59333
40133  1  1  0.00000  -1.36000  0.42667  -0.58000
40243  1  1  0.00000  -1.36000  0.57333  -0.56000
40352  1  1  0.00000  -1.36000  0.59333  -0.56000
40571  1  1  0.00000  -1.36000  0.60667  -0.55333
40680  1  1  0.00000  -1.36000  0.62000  -0.53333
40789  1  3  0.00000  -1.36000  0.63333  -0.51333
41227  2  1  -0.58667  0.68667  0.08000  -0.10667
41336  2  1  -0.58667  0.68667  0.38667  -0.66667
41446  2  1  -0.58667  0.68667  0.40000  -0.85333
41555  2  1  -0.58667  0.68667  0.40000  -0.86667
41774  2  3  -0.58667  0.68667  0.40000  -0.86667
42102  1  1  -1.24667  -1.23333  -0.20667  -0.02667
42211  1  1  -1.24667  -1.23333  -0.63333  0.02000
42321  1  1  -1.24667  -1.23333  -0.67333  0.02000
42430  1  1  -1.24667  -1.23333  -0.68667  0.02667
42539  1  1  -1.24667  -1.23333  -0.68667  0.03333
42649  1  3  -1.24667  -1.23333  -0.66000  0.12000
42868  4  1  0.83333  -0.69333  0.00667  0.00667
42977  4  1  0.83333  -0.69333  -0.16000  0.60000
43086  4  1  0.83333  -0.69333  -0.22000  0.74000
43196  4  1  0.83333  -0.69333  -0.18667  0.81333
43305  4  1  0.83333  -0.69333  -0.17333  0.82667
43852  4  3  0.83333  -0.69333  -0.17333  0.83333
44071  2  1  -0.19333  0.76000  0.03333  -0.59333
44180  2  1  -0.19333  0.76000  0.03333  -0.68667
44290  2  1  -0.19333  0.76000  0.03333  -0.72667
44399  2  1  -0.19333  0.76000  0.03333  -0.75333
44508  2  1  -0.19333  0.76000  0.00000  -0.80667
44618  2  1  -0.19333  0.76000  -0.01333  -0.82000
44727  2  1  -0.19333  0.76000  -0.02000  -0.82667
44836  2  1  -0.19333  0.76000  -0.02667  -0.84000
44947  2  3  -0.19333  0.76000  -0.08667  -0.92000
45275  1  1  -0.77333  -0.28000  0.84667  0.11333
45384  1  1  -0.77333  -0.28000  1.04667  0.16667
45494  1  1  -0.77333  -0.28000  1.18000  0.18000
45603  1  1  -0.77333  -0.28000  1.35333  0.18000
45713  1  1  -0.77333  -0.28000  1.45333  0.18000
45822  1  3  -0.77333  -0.28000  1.46667  0.18000
46478  1  1  -0.64000  -0.25333  0.62000  0.08000
46588  1  1  -0.64000  -0.25333  0.90000  0.08000
46697  1  1  -0.64000  -0.25333  0.97333  0.00000
46806  1  1  -0.64000  -0.25333  1.03333  -0.02667
46916  1  1  -0.64000  -0.25333  1.12000  -0.06667
47025  1  1  -0.64000  -0.25333  1.18000  -0.14000
47134  1  1  -0.64000  -0.25333  1.20667  -0.24000
47244  1  3  -0.64000  -0.25333  1.13333  -0.30667
47572  4  1  -0.33333  -1.26000  -0.01333  -0.20667
47681  4  1  -0.33333  -1.26000  0.05333  -0.31333
47791  4  1  -0.33333  -1.26000  0.19333  -0.42000
47900  4  1  -0.33333  -1.26000  0.54667  -0.45333
48009  4  1  -0.33333  -1.26000  0.55333  -0.45333
48228  4  1  -0.33333  -1.26000  0.58000  -0.45333
48338  4  1  -0.33333  -1.26000  0.58667  -0.45333
48556  4  1  -0.33333  -1.26000  0.59333  -0.45333
48666  4  1  -0.33333  -1.26000  0.60000  -0.44667
48775  4  1  -0.33333  -1.26000  0.62667  -0.44667
48884  4  3  -0.33333  -1.26000  0.63333  -0.43333
49431  2  1  0.86000  0.95333  -0.04667  -0.04000
49541  2  1  0.86000  0.95333  -0.53333  -0.52000
49650  2  1  0.86000  0.95333  -0.78000  -0.73333
50088  2  1  0.86000  0.95333  -0.79333  -0.74667
50197  2  1  0.86000  0.95333  -0.88667  -0.83333
50306  2  1  0.86000  0.95333  -1.10000  -0.92000
50416  2  1  0.86000  0.95333  -1.16000  -0.94667
50525  2  3  0.86000  0.95333  -1.18667  -0.94667
50963  1  1  -0.83333  0.63333  0.68000  -0.26667
51072  1  1  -0.83333  0.63333  0.70667  -0.28667
51181  1  1  -0.83333  0.63333  0.71333  -0.30667
51509  1  1  -0.83333  0.63333  0.73333  -0.36000
51619  1  1  -0.83333  0.63333  0.74000  -0.41333
51728  1  1  -0.83333  0.63333  0.48667  -0.48667
51838  1  1  -0.83333  0.63333  0.36667  -0.50000
51947  1  3  -0.83333  0.63333  0.36000  -0.50000
52166  4  1  -0.96667  -0.39333  -0.12000  -0.04667
52275  4  1  -0.96667  -0.39333  -0.25333  -0.08667
52384  4  1  -0.96667  -0.39333  -0.34000  -0.06667
52494  4  1  -0.96667  -0.39333  -0.45333  -0.05333
52603  4  1  -0.96667  -0.39333  -0.46000  -0.04667
52713  4  3  -0.96667  -0.39333  -0.46000  -0.04000
52931  4  1  -0.44667  -0.06667  0.44667  0.02000
53041  4  1  -0.44667  -0.06667  0.93333  0.03333
53150  4  1  -0.44667  -0.06667  0.94667  0.04000
53259  4  3  -0.44667  -0.06667  0.94667  0.04000
53697  2  1  0.19333  0.82667  -0.00667  -0.00667
53806  2  1  0.19333  0.82667  -0.18667  -0.37333
53916  2  1  0.19333  0.82667  -0.23333  -0.52000
54025  2  1  0.19333  0.82667  -0.23333  -0.53333
54353  2  1  0.19333  0.82667  -0.24000  -0.54000
54463  2  1  0.19333  0.82667  -0.24000  -0.61333
54572  2  1  0.19333  0.82667  -0.24000  -0.62667
54681  2  1  0.19333  0.82667  -0.24000  -0.64000
54791  2  1  0.19333  0.82667  -0.24000  -0.65333
54900  2  1  0.19333  0.82667  -0.24000  -0.66667
55119  2  3  0.19333  0.82667  -0.24000  -0.66667
55447  4  1  -0.80667  -0.08000  0.48667  -0.07333
55556  4  1  -0.80667  -0.08000  0.54667  -0.07333
55775  4  1  -0.80667  -0.08000  0.57333  -0.08000
56322  4  3  -0.80667  -0.08000  0.58000  -0.08000
56756  3  1  0.10667  -1.15333  -0.02667  -0.08667
56865  3  1  0.10667  -1.15333  -0.04667  -0.37333
56974  3  1  0.10667  -1.15333  0.00667  -0.49333
57084  3  1  0.10667  -1.15333  0.04667  -0.52000
57193  3  1  0.10667  -1.15333  0.06667  -0.52667
57303  3  1  0.10667  -1.15333  0.06667  -0.53333
57412  3  1  0.10667  -1.15333  0.07333  -0.53333
57521  3  1  0.10667  -1.15333  0.08000  -0.53333
57849  3  3  0.10667  -1.15333  0.08000  -0.53333
58506  4  1  -0.66667  0.21333  0.00667  0.00667
58615  4  1  -0.66667  0.21333  0.28667  0.06000
58724  4  3  -0.66667  0.21333  0.34000  0.06667
58943  3  1  -0.12667  -1.04667  0.04667  -0.18667
59053  3  1  -0.12667  -1.04667  0.18000  -0.35333
59162  3  1  -0.12667  -1.04667  0.59333  -0.38667
59271  3  1  -0.12667  -1.04667  0.65333  -0.38667
60037  3  3  -0.12667  -1.04667  0.65333  -0.38667
60474  1  1  0.79333  0.43333  -0.09333  -0.06667
60584  1  1  0.79333  0.43333  -0.54000  -0.34000
60693  1  1  0.79333  0.43333  -0.70000  -0.41333
60803  1  1  0.79333  0.43333  -0.71333  -0.42000
61349  1  3  0.79333  0.43333  -0.72667  -0.42000
61787  4  1  -0.45333  0.82000  0.23333  -0.14667
61896  4  1  -0.45333  0.82000  0.45333  -0.28667
62006  4  1  -0.45333  0.82000  0.46000  -0.29333
62334  4  1  -0.45333  0.82000  0.46000  -0.33333
62443  4  1  -0.45333  0.82000  0.46000  -0.45333
62553  4  1  -0.45333  0.82000  0.44000  -0.69333
62662  4  1  -0.45333  0.82000  0.42667  -0.93333
62771  4  1  -0.45333  0.82000  0.42667  -0.97333
62881  4  1  -0.45333  0.82000  0.42667  -0.98667
62990  4  1  -0.45333  0.82000  0.42667  -1.00667
63099  4  1  -0.45333  0.82000  0.42667  -1.02000
63209  4  1  -0.45333  0.82000  0.42667  -1.02667
63318  4  3  -0.45333  0.82000  0.42667  -1.02667
63756  3  1  -1.15333  -0.46000  0.14000  0.12000
63865  3  1  -1.15333  -0.46000  0.62000  0.36667
63974  3  1  -1.15333  -0.46000  0.85333  0.45333
64084  3  1  -1.15333  -0.46000  0.88667  0.47333
64412  3  3  -1.15333  -0.46000  0.88667  0.47333
64740  2  1  0.69333  -0.86667  -0.00667  0.22667
64849  2  1  0.69333  -0.86667  -0.01333  0.42667
64959  2  1  0.69333  -0.86667  0.00000  0.52667
65068  2  1  0.69333  -0.86667  0.00667  0.53333
65287  2  1  0.69333  -0.86667  0.00667  0.54000
65396  2  1  0.69333  -0.86667  0.01333  0.55333
65615  2  3  0.69333  -0.86667  0.01333  0.55333
66490  3  1  -0.31333  -0.06000  0.23333  0.00000
66599  3  1  -0.31333  -0.06000  0.62000  0.00000
66709  3  1  -0.31333  -0.06000  0.62667  0.00000
66818  3  1  -0.31333  -0.06000  0.63333  0.00000
67256  3  1  -0.31333  -0.06000  0.64000  0.00000
67365  3  1  -0.31333  -0.06000  0.68000  0.00667
67474  3  1  -0.31333  -0.06000  0.71333  0.02667
67584  3  1  -0.31333  -0.06000  0.72667  0.04000
67693  3  1  -0.31333  -0.06000  0.73333  0.04667
67912  3  3  -0.31333  -0.06000  0.73333  0.04667
68240  2  1  -0.02000  -1.24000  -0.02000  -0.43333
68349  2  1  -0.02000  -1.24000  0.02000  -0.56667
68459  2  1  -0.02000  -1.24000  0.15333  -0.62667
68568  2  1  -0.02000  -1.24000  0.37333  -0.68000
68684  2  1  -0.02000  -1.24000  0.40667  -0.68667
68903  2  1  -0.02000  -1.24000  0.41333  -0.68667
69669  2  3  -0.02000  -1.24000  0.41333  -0.68667
70325  2  1  -0.43333  -1.16000  0.12667  -0.30000
70434  2  1  -0.43333  -1.16000  0.48000  -0.54667
70544  2  1  -0.43333  -1.16000  0.59333  -0.57333
70653  2  1  -0.43333  -1.16000  0.60000  -0.57333
71200  2  1  -0.43333  -1.16000  0.60667  -0.57333
71309  2  3  -0.43333  -1.16000  0.60667  -0.56000
72731  1  1  0.53333  -0.75333  -0.05333  0.07333
72841  1  1  0.53333  -0.75333  -0.33333  0.53333
72950  1  1  0.53333  -0.75333  -0.34667  0.70000
73059  1  1  0.53333  -0.75333  -0.34667  0.70667
73934  1  3  0.53333  -0.75333  -0.36667  0.76667
74153  3  1  -0.33333  0.66667  0.10667  -0.19333
74262  3  1  -0.33333  0.66667  0.04667  -0.75333
74372  3  1  -0.33333  0.66667  0.00000  -0.84000
74809  3  1  -0.33333  0.66667  -0.00667  -0.84000
74919  3  1  -0.33333  0.66667  -0.01333  -0.84000
75028  3  1  -0.33333  0.66667  -0.02000  -0.84000
75138  3  1  -0.33333  0.66667  -0.02667  -0.82667
75575  3  3  -0.33333  0.66667  -0.02667  -0.82667
75794  2  1  -0.85333  -0.57333  0.46000  0.12667
75903  2  1  -0.85333  -0.57333  0.88667  0.15333
76013  2  1  -0.85333  -0.57333  0.92000  0.14667
76231  2  1  -0.85333  -0.57333  0.92667  0.14000
76559  2  1  -0.85333  -0.57333  0.94667  0.13333
76669  2  1  -0.85333  -0.57333  0.97333  0.10667
76888  2  1  -0.85333  -0.57333  0.98667  0.09333
76997  2  1  -0.85333  -0.57333  1.00667  0.09333
77106  2  3  -0.85333  -0.57333  1.00667  0.09333
77216  1  1  0.12667  -1.09333  0.00667  -0.02667
77325  1  1  0.12667  -1.09333  0.00667  -0.17333
77434  1  1  0.12667  -1.09333  -0.00667  -0.24667
77544  1  1  0.12667  -1.09333  -0.04000  -0.28000
77653  1  1  0.12667  -1.09333  -0.06000  -0.29333
77763  1  1  0.12667  -1.09333  -0.09333  -0.30000
77872  1  1  0.12667  -1.09333  -0.14000  -0.30000
77981  1  1  0.12667  -1.09333  -0.14667  -0.30667
78419  1  1  0.12667  -1.09333  -0.14667  -0.21333
78528  1  3  0.12667  -1.09333  -0.12000  -0.10000
78747  3  1  0.26667  1.18000  -0.00667  -0.48000
78856  3  1  0.26667  1.18000  -0.13333  -1.00000
78966  3  1  0.26667  1.18000  -0.16000  -1.12667
79075  3  1  0.26667  1.18000  -0.15333  -1.25333
79184  3  3  0.26667  1.18000  -0.20000  -1.38667
79513  1  1  -0.24667  -0.81333  0.02667  -0.12667
79622  1  1  -0.24667  -0.81333  0.33333  -0.33333
79731  1  1  -0.24667  -0.81333  0.48667  -0.47333
79841  1  1  -0.24667  -0.81333  0.54000  -0.48667
80278  1  1  -0.24667  -0.81333  0.55333  -0.49333
80388  1  1  -0.24667  -0.81333  0.56000  -0.50667
80606  1  3  -0.24667  -0.81333  0.56000  -0.48000
80934  3  1  0.68667  0.38667  -0.14667  -0.14667
81044  3  1  0.68667  0.38667  -0.55333  -0.43333
81153  3  1  0.68667  0.38667  -0.59333  -0.45333
81481  3  3  0.68667  0.38667  -0.59333  -0.45333
82247  1  1  -0.77333  -0.40667  -0.02000  -0.18000
82356  1  1  -0.77333  -0.40667  -0.13333  -0.53333
82466  1  1  -0.77333  -0.40667  -0.10000  -0.58000
82575  1  1  -0.77333  -0.40667  -0.09333  -0.61333
82684  1  1  -0.77333  -0.40667  -0.08000  -0.62667
82794  1  1  -0.77333  -0.40667  -0.07333  -0.64000
82903  1  1  -0.77333  -0.40667  -0.07333  -0.61333
83013  1  3  -0.77333  -0.40667  -0.07333  -0.50000
83231  2  1  -0.45333  0.86000  0.00667  0.00667
83341  2  1  -0.45333  0.86000  0.23333  -0.48000
83450  2  1  -0.45333  0.86000  0.26667  -0.72000
83559  2  1  -0.45333  0.86000  0.26000  -0.78000
83669  2  1  -0.45333  0.86000  0.25333  -0.80000
83778  2  1  -0.45333  0.86000  0.24667  -0.80667
83888  2  1  -0.45333  0.86000  0.24000  -0.82667
83997  2  1  -0.45333  0.86000  0.23333  -0.89333
84106  2  1  -0.45333  0.86000  0.25333  -0.99333
84216  2  3  -0.45333  0.86000  0.28000  -1.03333
84763  4  1  0.43333  -0.90000  0.00000  0.36000
84872  4  1  0.43333  -0.90000  -0.03333  0.74000
84981  4  1  0.43333  -0.90000  -0.03333  0.75333
85528  4  1  0.43333  -0.90000  -0.03333  0.80000
85638  4  1  0.43333  -0.90000  -0.03333  0.80667
85856  4  3  0.43333  -0.90000  -0.03333  0.80667
86294  1  1  -0.87333  -0.36000  0.54000  0.06667
86403  1  1  -0.87333  -0.36000  0.72000  0.08000
86513  1  1  -0.87333  -0.36000  0.84000  0.08000
86622  1  1  -0.87333  -0.36000  0.90000  0.08000
86731  1  1  -0.87333  -0.36000  1.00000  0.05333
86841  1  3  -0.87333  -0.36000  1.07333  0.02000
87059  4  1  0.29333  -0.80000  0.00000  0.00667
87169  4  1  0.29333  -0.80000  0.08000  0.40667
87278  4  1  0.29333  -0.80000  0.10000  0.46000
87388  4  3  0.29333  -0.80000  0.15333  0.53333
87606  2  1  0.00000  0.68667  0.00000  -0.08000
87716  2  1  0.00000  0.68667  -0.05333  -0.66000
87825  2  3  0.00000  0.68667  -0.10000  -0.74667
88044  1  1  -0.76000  -0.26667  0.04667  0.00000
88153  1  1  -0.76000  -0.26667  1.10000  0.02000
88263  1  1  -0.76000  -0.26667  1.14667  -0.01333
88372  1  1  -0.76000  -0.26667  1.15333  -0.02000
89028  1  3  -0.76000  -0.26667  1.13333  -0.04667
89138  4  1  -0.04667  -1.14000  -0.00667  -0.06000
89247  4  1  -0.04667  -1.14000  0.00667  -0.47333
89356  4  1  -0.04667  -1.14000  0.11333  -0.62000
89466  4  1  -0.04667  -1.14000  0.16000  -0.66667
89575  4  1  -0.04667  -1.14000  0.17333  -0.68000
89685  4  1  -0.04667  -1.14000  0.18667  -0.70000
89794  4  1  -0.04667  -1.14000  0.19333  -0.71333
89903  4  1  -0.04667  -1.14000  0.19333  -0.72000
90013  4  1  -0.04667  -1.14000  0.19333  -0.72667
90341  4  1  -0.04667  -1.14000  0.17333  -0.74000
90450  4  3  -0.04667  -1.14000  0.17333  -0.74000
90888  2  1  0.45333  0.78000  -0.08667  -0.34000
90997  2  1  0.45333  0.78000  -0.32667  -0.58667
91106  2  1  0.45333  0.78000  -0.38000  -0.59333
91216  2  1  0.45333  0.78000  -0.40667  -0.60000
91763  2  1  0.45333  0.78000  -0.41333  -0.60000
91872  2  3  0.45333  0.78000  -0.42000  -0.60000
92200  4  1  -0.52000  -0.87333  -0.01333  -0.00667
92310  4  1  -0.52000  -0.87333  -0.62000  -0.45333
92419  4  1  -0.52000  -0.87333  -0.73333  -0.58000
93294  4  3  -0.52000  -0.87333  -0.72667  -0.54667
93514  1  1  -0.62000  0.70667  0.14667  -0.10667
93623  1  1  -0.62000  0.70667  0.56000  -0.51333
93733  1  1  -0.62000  0.70667  0.64000  -0.67333
93842  1  1  -0.62000  0.70667  0.64667  -0.68667
94717  1  3  -0.62000  0.70667  0.64667  -0.68667
95264  3  1  0.32667  -0.61333  0.03333  0.08000
95373  3  1  0.32667  -0.61333  0.10667  0.53333
95483  3  1  0.32667  -0.61333  0.16000  0.62000
95701  3  1  0.32667  -0.61333  0.16000  0.62667
95811  3  1  0.32667  -0.61333  0.18000  0.62667
95920  3  1  0.32667  -0.61333  0.18000  0.58667
96029  3  1  0.32667  -0.61333  0.16667  0.57333
96139  3  1  0.32667  -0.61333  0.13333  0.55333
96248  3  1  0.32667  -0.61333  0.13333  0.54667
96358  3  3  0.32667  -0.61333  0.12000  0.54000
96795  1  1  -0.57333  0.18667  0.27333  -0.18000
96904  1  1  -0.57333  0.18667  0.42667  -0.25333
97014  1  1  -0.57333  0.18667  0.44000  -0.26000
97123  1  1  -0.57333  0.18667  0.44667  -0.26000
97233  1  1  -0.57333  0.18667  0.46667  -0.28000
97342  1  1  -0.57333  0.18667  0.49333  -0.28667
97451  1  1  -0.57333  0.18667  0.54000  -0.30000
97561  1  1  -0.57333  0.18667  0.60000  -0.31333
97670  1  1  -0.57333  0.18667  0.63333  -0.32000
97780  1  1  -0.57333  0.18667  0.64667  -0.32000
97889  1  1  -0.57333  0.18667  0.65333  -0.32000
97998  1  3  -0.57333  0.18667  0.65333  -0.32000
98326  4  1  -0.63333  -0.32667  0.07333  -0.02667
98436  4  1  -0.63333  -0.32667  0.24000  -0.13333
98545  4  1  -0.63333  -0.32667  0.30000  -0.17333
98655  4  1  -0.63333  -0.32667  0.31333  -0.18000
98764  4  1  -0.63333  -0.32667  0.36667  -0.19333
98873  4  1  -0.63333  -0.32667  0.46667  -0.19333
98983  4  1  -0.63333  -0.32667  0.49333  -0.18000
99092  4  1  -0.63333  -0.32667  0.55333  -0.16667
99201  4  1  -0.63333  -0.32667  0.59333  -0.14000
99311  4  3  -0.63333  -0.32667  0.60000  -0.12000
99639  1  1  0.22667  0.77333  0.00000  -0.40000
99748  1  1  0.22667  0.77333  -0.02667  -0.49333
99858  1  3  0.22667  0.77333  -0.03333  -0.51333
