t  x  y  th  vel  obstacle
238   -1.00000  1.00000  0  0.00000  0
394   -1.00000  1.00000  0  0.04055  0
550   -0.99392  1.00000  0  0.07578  0
715   -0.98255  1.00000  0  0.10619  0
871   -0.96662  1.00000  0  0.13225  0
1027  -0.94679  1.00000  0  0.15439  0
1184  -0.92363  1.00000  0  0.17304  0
1340  -0.89767  1.00000  0  0.18858  0
1496  -0.86938  1.00000  0  0.20137  0
1652  -0.83918  1.00000  0  0.21174  0
1809  -0.80742  1.00000  0  0.22000  0
1965  -0.77442  1.00000  0  0.22643  0
2121  -0.74045  1.00000  -1  0.23767  0
2277  -0.70481  0.99912  -4  0.23356  0
2434  -0.66989  0.99640  -7  0.23041  2
2590  -0.63559  0.99209  -9  0.22800  2
2746  -0.60186  0.98644  -11  0.22612  2
2902  -0.56862  0.97971  -12  0.22460  2
3059  -0.53579  0.97213  -14  0.22329  2
3215  -0.50331  0.96395  -14  0.22210  2
3371  -0.47112  0.95538  -15  0.22095  2
3527  -0.43915  0.94664  -15  0.21983  2
3684  -0.40735  0.93792  -15  0.21872  0
3840  -0.37567  0.92941  -14  0.21763  0
3996  -0.34406  0.92124  -13  0.21660  0
4152  -0.31249  0.91357  -12  0.21565  0
4309  -0.28092  0.90650  -11  0.21483  0
4465  -0.24933  0.90013  -10  0.21416  0
4621  -0.21770  0.89452  -8  0.21365  0
4777  -0.18602  0.88973  -7  0.21333  0
4934  -0.15426  0.88578  -5  0.21317  0
5090  -0.12244  0.88269  -4  0.21318  0
5246  -0.09054  0.88046  -2  0.21332  0
5402  -0.05857  0.87905  -1  0.21355  0
5559  -0.02654  0.87844  0  0.21385  0
5715  0.00553  0.87858  1  0.21417  0
5871  0.03765  0.87943  2  0.21447  0
6027  0.06979  0.88091  3  0.21469  0
6184  0.10192  0.88296  4  0.21482  0
6340  0.13405  0.88551  5  0.21480  0
6496  0.16613  0.88848  5  0.21461  0
6652  0.19815  0.89180  6  0.21423  0
6809  0.23008  0.89539  6  0.21362  0
6965  0.26190  0.89917  7  0.21277  0
7121  0.29358  0.90307  7  0.21166  0
7277  0.32508  0.90701  7  0.21028  0
7434  0.35638  0.91091  6  0.20861  0
7590  0.38744  0.91470  6  0.20665  0
7746  0.41823  0.91831  4  0.20755  0
7902  0.44925  0.92097  0  0.19978  0
8059  0.47921  0.92101  -4  0.19309  0
8215  0.50807  0.91855  -9  0.18817  0
8371  0.53590  0.91387  -13  0.18462  0
8527  0.56279  0.90722  -17  0.18207  0
8685  0.58879  0.89886  -21  0.18017  0
8841  0.61397  0.88905  -24  0.17861  0
8997  0.63839  0.87802  -26  0.17716  0
9154  0.66208  0.86599  -28  0.17483  0
9310  0.68508  0.85339  -30  0.17229  0
9466  0.70741  0.84038  -31  0.16948  0
9622  0.72908  0.82708  -32  0.16642  0
9779  0.75007  0.81358  -32  0.16115  0
9935  0.77039  0.80047  -33  0.15587  0
10091  0.78998  0.78772  -33  0.15066  0
10247  0.80883  0.77526  -36  0.14898  0
10404  0.82688  0.76208  -38  0.14718  0
10560  0.84409  0.74825  -41  0.14536  0
10716  0.86041  0.73379  -44  0.14360  0
10872  0.87578  0.71870  -47  0.14202  0
11029  0.89020  0.70302  -45  0.14621  0
11185  0.90548  0.68729  -44  0.14992  0
11341  0.92148  0.67148  -43  0.15307  0
11498  0.93801  0.65555  -43  0.15561  0
11654  0.95491  0.63945  -43  0.15752  0
11810  0.97200  0.62313  -44  0.15880  0
11966  0.98910  0.60655  -44  0.15950  0
12123  1.00604  0.58965  -46  0.15968  0
12279  1.02266  0.57240  -47  0.15943  0
12435  1.03879  0.55474  -49  0.15887  0
12591  1.05428  0.53664  -51  0.15812  0
12748  1.06901  0.51805  -54  0.15732  0
12904  1.08285  0.49894  -56  0.15662  0
13060  1.09570  0.47927  -59  0.15615  0
13216  1.10747  0.45902  -63  0.15605  0
13373  1.11808  0.43816  -66  0.15640  0
13529  1.12751  0.41667  -69  0.15727  0
13685  1.13570  0.39455  -73  0.15869  0
13841  1.14265  0.37178  -76  0.16066  0
13998  1.14838  0.34838  -79  0.16312  0
14154  1.15289  0.32433  -82  0.16601  0
14310  1.15623  0.29965  -84  0.16924  0
14464  1.15844  0.27436  -81  0.16556  0
14620  1.16225  0.24982  -77  0.16321  0
14777  1.16739  0.22588  -75  0.16188  0
14933  1.17359  0.20241  -73  0.16128  0
15089  1.18058  0.17925  -71  0.16122  0
15245  1.18811  0.15627  -71  0.16152  0
15402  1.19593  0.13333  -71  0.16212  0
15558  1.20380  0.11033  -71  0.16296  0
15714  1.21151  0.08713  -72  0.16407  0
15867  1.21886  0.06364  -74  0.16548  0
16023  1.22566  0.03977  -75  0.16724  0
16179  1.23177  0.01544  -77  0.16938  0
16335  1.23706  -0.00941  -80  0.17193  0
16492  1.24141  -0.03483  -82  0.17489  0
16649  1.24475  -0.06085  -85  0.17823  0
16805  1.24701  -0.08749  -87  0.18190  0
16962  1.24816  -0.11475  -89  0.18581  0
17118  1.24818  -0.14262  -92  0.18988  0
17274  1.24708  -0.17108  -94  0.19398  0
17430  1.24486  -0.20010  -96  0.19801  0
17587  1.24156  -0.22961  -98  0.20187  0
17743  1.23721  -0.25958  -99  0.20546  0
17899  1.23187  -0.28993  -101  0.20868  0
18055  1.22558  -0.32060  -103  0.21148  0
18212  1.21840  -0.35149  -104  0.21379  0
18368  1.21038  -0.38254  -105  0.21556  0
18524  1.20157  -0.41365  -107  0.21677  0
18680  1.19201  -0.44473  -108  0.21741  0
18837  1.18175  -0.47569  -109  0.21747  0
18993  1.17083  -0.50643  -110  0.21696  0
19149  1.15926  -0.53684  -112  0.21591  0
19305  1.14706  -0.56684  -113  0.21434  0
19462  1.13424  -0.59633  -114  0.21230  0
19618  1.12081  -0.62520  -116  0.20985  0
19774  1.10675  -0.65337  -118  0.20706  0
19930  1.09204  -0.68072  -120  0.20401  0
20087  1.07666  -0.70718  -122  0.20079  0
20243  1.06057  -0.73264  -124  0.19752  0
20399  1.04375  -0.75703  -127  0.19431  0
20555  1.02614  -0.78026  -129  0.19129  0
20713  1.00772  -0.80225  -132  0.18861  0
20870  0.98843  -0.82295  -140  0.18597  0
21026  0.96698  -0.84079  -146  0.18572  0
21182  0.94379  -0.85623  -151  0.18683  0
21339  0.91918  -0.86962  -155  0.18856  0
21495  0.89341  -0.88130  -161  0.18430  0
21651  0.86727  -0.89027  -167  0.17625  0
21807  0.84147  -0.89605  -173  0.17123  0
21964  0.81595  -0.89899  -178  0.16871  0
22120  0.79065  -0.89945  176  0.16808  0
22276  0.76549  -0.89777  172  0.16876  0
22432  0.74042  -0.89433  168  0.17025  0
22589  0.71535  -0.88944  166  0.17215  0
22745  0.69023  -0.88345  164  0.17416  0
22901  0.66500  -0.87667  164  0.17612  0
23057  0.63961  -0.86939  163  0.17793  0
23214  0.61399  -0.86189  163  0.17957  0
23370  0.58812  -0.85440  164  0.18107  0
23526  0.56195  -0.84715  165  0.18247  0
23683  0.53544  -0.84032  166  0.18386  0
23839  0.50858  -0.83408  168  0.18530  0
23995  0.48133  -0.82857  170  0.18685  0
24151  0.45370  -0.82388  172  0.18857  0
24308  0.42567  -0.82009  174  0.19046  0
24464  0.39724  -0.81725  176  0.19254  0
24620  0.36842  -0.81538  178  0.19478  0
24776  0.33922  -0.81450  -179  0.19715  0
24933  0.30965  -0.81458  -178  0.19959  0
25090  0.27973  -0.81559  -176  0.20207  0
25246  0.24948  -0.81749  -174  0.20451  0
25402  0.21892  -0.82022  -173  0.20687  0
25559  0.18809  -0.82370  -172  0.20910  0
25715  0.15700  -0.82788  -171  0.21114  0
25871  0.12569  -0.83266  -166  0.20961  0
26027  0.09507  -0.83979  -163  0.20936  0
26184  0.06504  -0.84897  -159  0.20995  0
26340  0.03549  -0.85987  -157  0.21098  0
26496  0.00634  -0.87218  -155  0.21213  0
26653  -0.02251  -0.88560  -153  0.21317  0
26809  -0.05115  -0.89983  -152  0.21392  0
26965  -0.07964  -0.91458  -152  0.21430  0
27121  -0.10807  -0.92959  -152  0.21426  0
27278  -0.13649  -0.94460  -152  0.21380  0
27434  -0.16495  -0.95938  -153  0.21297  0
27590  -0.19350  -0.97372  -154  0.21181  0
27746  -0.22216  -0.98743  -154  0.20383  0
27903  -0.24975  -1.00059  -153  0.19590  0
28059  -0.27613  -1.01354  -153  0.18888  0
28215  -0.30155  -1.02605  -154  0.18268  0
28371  -0.32624  -1.03794  -155  0.17725  0
28528  -0.35042  -1.04901  -157  0.17257  0
28684  -0.37425  -1.05911  -159  0.16865  0
28840  -0.39790  -1.06810  -161  0.16548  0
28996  -0.42147  -1.07586  -164  0.16306  0
29153  -0.44507  -1.08230  -168  0.16136  0
29309  -0.46875  -1.08732  -171  0.16033  0
29465  -0.49253  -1.09087  -175  0.15990  0
29621  -0.51643  -1.09289  -178  0.15998  0
29778  -0.54043  -1.09335  177  0.16047  0
29934  -0.56447  -1.09221  173  0.16126  0
30090  -0.58850  -1.08946  169  0.16226  0
30246  -0.61244  -1.08508  165  0.16339  0
30403  -0.63620  -1.07907  161  0.16460  0
30559  -0.65968  -1.07143  158  0.16586  0
30716  -0.68276  -1.06214  154  0.16717  0
30872  -0.70533  -1.05122  150  0.16856  0
31028  -0.72728  -1.03867  146  0.17007  0
31184  -0.74849  -1.02449  142  0.17176  0
31341  -0.76885  -1.00870  138  0.17371  0
31493  -0.78827  -0.99133  134  0.17596  0
31649  -0.80665  -0.97239  130  0.17854  0
31806  -0.82397  -0.95196  126  0.18136  0
31962  -0.84023  -0.93015  123  0.18435  0
32118  -0.85542  -0.90704  120  0.18742  0
32274  -0.86956  -0.88274  117  0.19051  0
32431  -0.88267  -0.85735  114  0.19353  0
32587  -0.89478  -0.83097  112  0.19644  0
32746  -0.90593  -0.80369  110  0.19919  0
32902  -0.91616  -0.77562  108  0.20174  0
33060  -0.92551  -0.74684  106  0.20406  0
33217  -0.93404  -0.71745  104  0.20614  0
33373  -0.94178  -0.68751  102  0.20797  0
33529  -0.94879  -0.65711  101  0.20956  0
33686  -0.95511  -0.62632  100  0.21089  0
33842  -0.96080  -0.59520  99  0.21200  0
33998  -0.96590  -0.56381  98  0.21288  0
34154  -0.97046  -0.53221  97  0.21357  0
34311  -0.97453  -0.50043  96  0.21408  0
34467  -0.97814  -0.46852  95  0.21442  0
34623  -0.98135  -0.43652  95  0.21462  0
34779  -0.98418  -0.40445  94  0.21469  0
34936  -0.98669  -0.37235  93  0.21465  0
35092  -0.98890  -0.34023  93  0.21451  0
35248  -0.99084  -0.30811  93  0.21429  0
35404  -0.99255  -0.27601  92  0.21399  0
35561  -0.99405  -0.24395  92  0.21364  0
35717  -0.99538  -0.21193  92  0.21324  0
35873  -0.99654  -0.17996  91  0.21280  1
36029  -0.99756  -0.14806  91  0.21232  1
36186  -0.99847  -0.11622  91  0.21182  1
36342  -0.99927  -0.08446  91  0.21129  1
36499  -0.99997  -0.05277  91  0.21074  1
36655  -1.00060  -0.02117  90  0.21017  1
36811  -1.00115  0.01035  90  0.20957  1
36968  -1.00163  0.04178  90  0.20895  1
37124  -1.00205  0.07312  90  0.20830  1
37280  -1.00240  0.10436  90  0.20760  1
37437  -1.00269  0.13550  90  0.20687  1
37593  -1.00291  0.16653  90  0.20608  1
37749  -1.00307  0.19745  90  0.20523  1
37905  -1.00313  0.22823  89  0.20431  0
38062  -1.00311  0.25888  89  0.20329  0
38221  -1.00298  0.28937  89  0.20218  0
38377  -1.00273  0.31970  89  0.20095  0
38534  -1.00234  0.34984  88  0.19958  0
38690  -1.00178  0.37977  88  0.19807  0
38846  -1.00103  0.40947  88  0.19639  0
39002  -1.00006  0.43891  87  0.19453  0
39159  -0.99885  0.46806  87  0.19247  0
39315  -0.99734  0.49690  86  0.19020  0
39471  -0.99551  0.52537  85  0.18771  0
39628  -0.99330  0.55344  84  0.18498  0
39784  -0.99068  0.58106  78  0.16790  0
39940  -0.98549  0.60570  69  0.14959  0
40096  -0.97768  0.62674  60  0.13663  0
40253  -0.96749  0.64452  50  0.12885  0
40409  -0.95516  0.65940  40  0.12558  0
40565  -0.94092  0.67174  32  0.12575  0
40721  -0.92501  0.68187  25  0.12817  0
40879  -0.90766  0.69014  20  0.13057  0
41035  -0.88926  0.69687  16  0.12976  0
41191  -0.87059  0.70236  13  0.12602  0
41347  -0.85224  0.70689  12  0.12256  0
41504  -0.83425  0.71071  11  0.11604  0
41660  -0.81717  0.71406  11  0.10735  0
41816  -0.80137  0.71714  11  0.09734  0
41972  -0.78707  0.72011  13  0.08676  0
42129  -0.77441  0.72312  16  0.07617  0
42285  -0.76344  0.72632  20  0.06618  0
42441  -0.75415  0.72980  26  0.05736  0
42597  -0.74646  0.73367  34  0.05025  0
42754  -0.74028  0.73798  43  0.04622  0
42910  -0.73528  0.74278  53  0.04392  0
43067  -0.73139  0.74810  34  0.06933  0
43224  -0.72278  0.75393  26  0.09504  0
43380  -0.71001  0.76027  22  0.11843  0
43536  -0.69361  0.76710  20  0.13905  0
43692  -0.67406  0.77437  19  0.15689  0
43849  -0.65181  0.78204  18  0.17210  0
44005  -0.62727  0.79006  17  0.18488  0
44161  -0.60081  0.79836  16  0.19545  0
44317  -0.57276  0.80690  16  0.20404  0
44474  -0.54342  0.81561  16  0.21087  0
44630  -0.51305  0.82443  15  0.21616  0
44786  -0.48186  0.83329  15  0.22011  0
44942  -0.45005  0.84216  15  0.22292  0
45099  -0.41780  0.85096  14  0.22475  0
45255  -0.38523  0.85966  14  0.22576  0
45411  -0.35246  0.86822  14  0.22610  0
45567  -0.31960  0.87659  13  0.22589  0
45724  -0.28671  0.88475  13  0.22525  0
45880  -0.25386  0.89266  13  0.22428  0
46036  -0.22110  0.90031  12  0.22305  0
46192  -0.18846  0.90767  12  0.22165  0
46349  -0.15597  0.91472  7  0.20704  0
46505  -0.12518  0.91873  2  0.19576  0
46661  -0.09584  0.92011  -1  0.18739  0
46817  -0.06775  0.91925  -5  0.18144  0
46974  -0.04067  0.91655  -9  0.17738  0
47130  -0.01439  0.91238  -11  0.17475  0
47286  0.01128  0.90710  -13  0.17316  0
47442  0.03654  0.90103  -14  0.17232  0
47599  0.06154  0.89448  -15  0.17205  0
47755  0.08645  0.88771  -15  0.17221  0
47911  0.11139  0.88098  -14  0.17275  0
48072  0.13647  0.87446  -13  0.17362  0
48228  0.16178  0.86835  -12  0.17482  0
48384  0.18740  0.86276  -10  0.17630  0
48540  0.21338  0.85779  -9  0.17804  0
48697  0.23974  0.85353  -7  0.17998  0
48853  0.26650  0.84999  -5  0.18203  0
49009  0.29366  0.84719  -4  0.18412  0
49166  0.32120  0.84512  -2  0.18613  0
49322  0.34909  0.84374  -1  0.18796  0
49478  0.37727  0.84298  0  0.18951  0
49634  0.40570  0.84278  0  0.19068  0
49791  0.43430  0.84303  1  0.19139  0
49950  0.46300  0.84365  1  0.19154  0
50106  0.49172  0.84452  1  0.19110  0
50262  0.52037  0.84552  -1  0.19095  0
50420  0.54900  0.84488  -4  0.19104  0
50576  0.57758  0.84273  -6  0.19110  0
50732  0.60604  0.83927  -9  0.19102  0
50889  0.63431  0.83462  -11  0.19064  0
51045  0.66233  0.82890  -13  0.18987  0
51201  0.69001  0.82221  -15  0.18863  0
51357  0.71727  0.81464  -17  0.18686  0
51514  0.74402  0.80627  -19  0.18454  0
51670  0.77016  0.79715  -21  0.18167  0
51826  0.79558  0.78734  -23  0.17829  0
51982  0.82019  0.77686  -25  0.17478  0
52139  0.84387  0.76561  -27  0.17090  0
52295  0.86652  0.75361  -30  0.16677  0
52451  0.88804  0.74086  -33  0.16254  0
52607  0.90835  0.72737  -36  0.15840  0
52764  0.92738  0.71315  -40  0.15450  0
52920  0.94510  0.69821  -43  0.15098  0
53076  0.96148  0.68257  -47  0.14796  0
53232  0.97649  0.66622  -51  0.14555  0
53389  0.99015  0.64919  -55  0.14382  0
53545  1.00247  0.63148  -59  0.14282  0
53701  1.01346  0.61309  -62  0.14255  0
53857  1.02318  0.59404  -66  0.14299  0
54014  1.03165  0.57434  -70  0.14408  0
54170  1.03895  0.55400  -73  0.14573  0
54326  1.04512  0.53303  -76  0.14787  0
54482  1.05025  0.51145  -79  0.15038  0
54639  1.05439  0.48927  -81  0.15588  0
54795  1.05801  0.46617  -82  0.16047  0
54951  1.06109  0.44230  -84  0.16438  0
55107  1.06362  0.41777  -85  0.16779  0
55264  1.06560  0.39269  -86  0.17079  0
55420  1.06706  0.36711  -87  0.17349  0
55576  1.06802  0.34110  -88  0.17594  0
55732  1.06852  0.31472  -89  0.17818  0
55889  1.06858  0.28799  -90  0.18025  0
56045  1.06826  0.26096  -91  0.18216  0
56201  1.06758  0.23364  -92  0.18394  0
56357  1.06659  0.20607  -92  0.18559  0
56514  1.06533  0.17826  -93  0.18713  0
56670  1.06384  0.15023  -88  0.17979  4
56827  1.06458  0.12327  -82  0.17093  4
56983  1.06787  0.09784  -77  0.16482  4
57139  1.07340  0.07375  -72  0.16098  4
57295  1.08086  0.05078  -67  0.15888  4
57451  1.08993  0.02874  -64  0.15799  4
57608  1.10030  0.00743  -61  0.15784  4
57764  1.11166  -0.01334  -59  0.15808  4
57920  1.12370  -0.03377  -58  0.15845  4
58077  1.13612  -0.05403  -58  0.15882  4
58233  1.14865  -0.07429  -58  0.15915  4
58390  1.16102  -0.09471  -59  0.15947  0
58546  1.17299  -0.11542  -61  0.15986  0
58705  1.18434  -0.13655  -64  0.16044  0
58862  1.19486  -0.15819  -66  0.16133  0
59018  1.20439  -0.18044  -69  0.16265  0
59174  1.21277  -0.20335  -73  0.16446  0
59330  1.21988  -0.22697  -76  0.16681  0
59487  1.22563  -0.25132  -80  0.16968  0
59643  1.22994  -0.27641  -83  0.17302  0
59799  1.23277  -0.30220  -87  0.17672  0
59955  1.23408  -0.32868  -90  0.18067  0
60112  1.23385  -0.35578  -93  0.18473  0
60268  1.23211  -0.38343  -96  0.18875  0
60424  1.22885  -0.41156  -99  0.19259  0
60580  1.22411  -0.44006  -102  0.19615  0
60736  1.21792  -0.46882  -104  0.19932  0
60893  1.21031  -0.49773  -107  0.20202  0
61049  1.20133  -0.52668  -109  0.20421  0
61205  1.19102  -0.55552  -112  0.20585  0
61362  1.17940  -0.58413  -114  0.20695  0
61519  1.16652  -0.61237  -116  0.20753  0
61675  1.15240  -0.64011  -119  0.20765  0
61831  1.13707  -0.66722  -122  0.20737  0
61988  1.12054  -0.69357  -124  0.20679  0
62144  1.10282  -0.71904  -127  0.20602  0
62300  1.08394  -0.74350  -130  0.20518  0
62456  1.06389  -0.76685  -133  0.20439  0
62613  1.04268  -0.78899  -137  0.20379  0
62769  1.02032  -0.80983  -140  0.20349  0
62925  0.99682  -0.82932  -143  0.20350  0
63081  0.97226  -0.84744  -146  0.20380  0
63238  0.94670  -0.86421  -149  0.20436  0
63394  0.92023  -0.87966  -152  0.20512  0
63550  0.89292  -0.89383  -155  0.20603  0
63706  0.86485  -0.90678  -157  0.20704  0
63863  0.83611  -0.91855  -163  0.19786  0
64019  0.80762  -0.92685  -169  0.19208  0
64175  0.77930  -0.93216  -174  0.18900  0
64331  0.75109  -0.93490  -178  0.18792  0
64488  0.72290  -0.93551  177  0.18821  0
64644  0.69469  -0.93439  175  0.18933  0
64800  0.66640  -0.93192  173  0.19091  0
64956  0.63798  -0.92845  171  0.19268  0
65113  0.60938  -0.92429  170  0.19448  0
65269  0.58057  -0.91971  170  0.19623  0
65425  0.55152  -0.91496  170  0.19789  0
65581  0.52221  -0.91025  171  0.19947  0
65738  0.49263  -0.90575  172  0.20098  0
65894  0.46277  -0.90161  173  0.20245  0
66050  0.43263  -0.89794  174  0.20389  0
66206  0.40220  -0.89482  175  0.20531  0
66363  0.37151  -0.89231  176  0.20673  0
66519  0.34056  -0.89044  177  0.20813  0
66675  0.30936  -0.88924  179  0.20950  0
66831  0.27794  -0.88869  -179  0.21083  0
66988  0.24631  -0.88878  -178  0.21210  0
67144  0.21451  -0.88949  -173  0.22417  0
67300  0.18110  -0.89328  -169  0.22147  0
67456  0.14840  -0.89919  -166  0.21984  0
67613  0.11634  -0.90689  -163  0.21891  0
67769  0.08481  -0.91607  -161  0.21837  0
67925  0.05373  -0.92640  -159  0.21798  0
68081  0.02301  -0.93761  -158  0.21756  0
68238  -0.00742  -0.94939  -158  0.21699  0
68395  -0.03764  -0.96149  -157  0.21623  0
68551  -0.06770  -0.97367  -158  0.21526  0
68709  -0.09766  -0.98570  -158  0.21408  0
68865  -0.12757  -0.99740  -159  0.21275  0
69021  -0.15746  -1.00858  -160  0.21129  0
69177  -0.18735  -1.01911  -161  0.20977  0
69334  -0.21726  -1.02887  -163  0.20822  0
69490  -0.24721  -1.03775  -163  0.20155  0
69646  -0.27616  -1.04646  -161  0.19273  0
69802  -0.30354  -1.05573  -159  0.18512  0
69959  -0.32961  -1.06530  -158  0.17852  0
70115  -0.35460  -1.07491  -158  0.17274  0
70271  -0.37874  -1.08433  -159  0.16766  0
70427  -0.40223  -1.09332  -160  0.16322  0
70584  -0.42524  -1.10166  -161  0.15937  0
70740  -0.44794  -1.10917  -163  0.15614  0
70897  -0.47044  -1.11566  -166  0.15354  0
71053  -0.49285  -1.12098  -169  0.15159  0
71210  -0.51523  -1.12499  -173  0.15030  0
71366  -0.53763  -1.12758  -177  0.14968  0
71522  -0.56006  -1.12865  178  0.14968  0
71678  -0.58250  -1.12812  174  0.15027  0
71835  -0.60494  -1.12592  170  0.15138  0
71991  -0.62730  -1.12201  165  0.15295  0
72147  -0.64954  -1.11634  161  0.15490  0
72303  -0.67154  -1.10890  156  0.15719  0
72460  -0.69324  -1.09966  152  0.15977  0
72616  -0.71451  -1.08861  148  0.16263  0
72773  -0.73524  -1.07577  143  0.16576  0
72930  -0.75534  -1.06113  139  0.16917  0
73086  -0.77469  -1.04471  135  0.17286  0
73242  -0.79320  -1.02655  131  0.17683  0
73398  -0.81078  -1.00669  127  0.18102  0
73555  -0.82739  -0.98521  124  0.18532  0
73711  -0.84303  -0.96223  121  0.18964  0
73867  -0.85769  -0.93785  118  0.19387  0
74023  -0.87138  -0.91219  115  0.19794  0
74180  -0.88411  -0.88537  112  0.20177  0
74336  -0.89590  -0.85750  110  0.20534  0
74491  -0.90679  -0.82869  108  0.20858  0
74647  -0.91681  -0.79905  106  0.21149  0
74804  -0.92600  -0.76868  105  0.21405  0
74960  -0.93439  -0.73769  103  0.21626  0
75116  -0.94204  -0.70617  102  0.21812  0
75272  -0.94897  -0.67419  100  0.21964  0
75429  -0.95525  -0.64185  99  0.22085  0
75585  -0.96091  -0.60921  98  0.22176  0
75741  -0.96599  -0.57633  97  0.22241  0
75897  -0.97055  -0.54329  93  0.21576  0
76054  -0.97254  -0.51098  89  0.21118  0
76210  -0.97239  -0.47931  86  0.20816  0
76366  -0.97049  -0.44814  83  0.20625  0
76522  -0.96721  -0.41738  81  0.20510  0
76679  -0.96290  -0.38692  80  0.20444  0
76835  -0.95786  -0.35667  79  0.20411  0
76991  -0.95239  -0.32654  79  0.20398  0
77147  -0.94672  -0.29648  79  0.20400  0
77304  -0.94106  -0.26640  79  0.20414  0
77460  -0.93559  -0.23627  80  0.20439  0
77616  -0.93046  -0.20605  81  0.20476  0
77772  -0.92577  -0.17569  82  0.20524  0
77929  -0.92162  -0.14519  83  0.20583  0
78086  -0.91807  -0.11452  84  0.20652  0
78242  -0.91514  -0.08368  85  0.20729  0
78399  -0.91286  -0.05267  87  0.20812  0
78555  -0.91123  -0.02150  88  0.20896  0
78711  -0.91023  0.00983  89  0.20979  0
78867  -0.90984  0.04130  90  0.21056  0
79024  -0.91000  0.07288  91  0.21124  0
79180  -0.91068  0.10456  92  0.21179  0
79336  -0.91182  0.13631  92  0.21217  0
79492  -0.91336  0.16809  93  0.21237  0
79649  -0.91524  0.19989  93  0.21234  0
79805  -0.91739  0.23167  94  0.21207  0
79961  -0.91974  0.26340  94  0.21154  0
80117  -0.92223  0.29503  94  0.21072  0
80274  -0.92478  0.32653  94  0.20961  0
80430  -0.92732  0.35787  94  0.20819  0
80586  -0.92980  0.38900  94  0.20645  0
80743  -0.93213  0.41988  93  0.20439  0
80899  -0.93424  0.45047  93  0.20199  0
81055  -0.93607  0.48071  92  0.19927  0
81211  -0.93755  0.51057  92  0.19620  0
81368  -0.93861  0.53998  91  0.19281  0
81524  -0.93917  0.56889  90  0.18910  0
81680  -0.93918  0.59726  88  0.18508  0
81836  -0.93855  0.62501  87  0.18079  0
81993  -0.93721  0.65210  85  0.17624  0
82150  -0.93510  0.67845  83  0.17150  0
82306  -0.93214  0.70401  81  0.16663  0
82462  -0.92827  0.72870  78  0.16170  0
82618  -0.92340  0.75246  75  0.15684  0
82775  -0.91748  0.77523  72  0.15216  0
82931  -0.91043  0.79693  68  0.14782  0
83087  -0.90219  0.81752  63  0.14400  0
83243  -0.89271  0.83693  53  0.12858  0
83400  -0.88125  0.85244  42  0.11956  0
83556  -0.86795  0.86447  30  0.11650  0
83712  -0.85295  0.87344  20  0.11820  0
83868  -0.83638  0.87973  12  0.12307  0
84025  -0.81836  0.88375  6  0.12965  0
84181  -0.79903  0.88587  1  0.13687  0
84337  -0.77851  0.88645  -1  0.14404  0
84493  -0.75691  0.88582  -3  0.15075  0
84650  -0.73435  0.88430  -5  0.15681  0
84806  -0.71092  0.88215  -5  0.16214  0
84962  -0.68673  0.87963  -6  0.16675  0
85118  -0.66187  0.87696  -5  0.17069  0
85275  -0.63640  0.87431  -5  0.17405  0
85431  -0.61041  0.87186  -4  0.17692  0
85587  -0.58396  0.86973  -3  0.17939  0
85743  -0.55710  0.86800  -2  0.18154  0
85900  -0.52990  0.86677  -1  0.18344  0
86056  -0.50239  0.86608  0  0.18514  0
86213  -0.47462  0.86596  0  0.18671  0
86370  -0.44662  0.86641  2  0.18816  0
86526  -0.41841  0.86744  3  0.18952  0
86682  -0.39003  0.86903  4  0.19080  0
86838  -0.36149  0.87116  5  0.19201  0
86995  -0.33281  0.87378  6  0.19315  0
87151  -0.30400  0.87685  6  0.19421  0
87307  -0.27508  0.88033  3  0.18751  0
87463  -0.24700  0.88206  0  0.18260  0
87620  -0.21961  0.88239  -1  0.17916  0
87776  -0.19275  0.88165  -3  0.17687  0
87932  -0.16626  0.88012  -4  0.17549  0
88088  -0.14002  0.87809  -5  0.17485  0
88245  -0.11390  0.87577  -5  0.17482  0
88401  -0.08778  0.87338  -4  0.17529  0
88557  -0.06159  0.87110  -4  0.17621  0
88714  -0.03524  0.86905  -3  0.17751  0
88871  -0.00866  0.86735  -2  0.17914  0
89027  0.01818  0.86609  -1  0.18104  0
89183  0.04533  0.86533  0  0.18315  0
89339  0.07280  0.86509  0  0.18539  0
89497  0.10060  0.86540  1  0.18769  0
89653  0.12874  0.86624  2  0.18999  0
89809  0.15721  0.86759  3  0.19220  0
89966  0.18598  0.86943  4  0.19426  0
90122  0.21503  0.87170  5  0.19611  0
90278  0.24433  0.87435  5  0.19769  0
90434  0.27383  0.87732  6  0.19894  0
90591  0.30350  0.88053  6  0.19983  0
90747  0.33328  0.88392  6  0.20032  0
90904  0.36313  0.88741  6  0.20038  0
91060  0.39298  0.89092  6  0.19999  0
91216  0.42278  0.89436  3  0.19924  0
91373  0.45261  0.89622  0  0.19860  0
91529  0.48239  0.89668  -1  0.19789  0
91685  0.51206  0.89590  -3  0.19694  0
91841  0.54155  0.89406  -5  0.19565  0
91998  0.57076  0.89128  -7  0.19393  0
92154  0.59963  0.88768  -8  0.19173  0
92310  0.62806  0.88336  -10  0.18903  0
92466  0.65598  0.87840  -11  0.18580  0
92623  0.68329  0.87285  -12  0.18208  0
92779  0.70991  0.86674  -14  0.17789  0
92935  0.73575  0.86007  -16  0.17328  0
93091  0.76071  0.85284  -18  0.16833  0
93248  0.78472  0.84502  -20  0.16314  0
93404  0.80768  0.83656  -22  0.15785  0
93560  0.82952  0.82741  -25  0.15260  0
93716  0.85016  0.81751  -28  0.14758  0
93873  0.86953  0.80679  -32  0.14301  0
94029  0.88757  0.79518  -37  0.13913  0
94185  0.90424  0.78262  -41  0.13616  0
94341  0.91953  0.76909  -46  0.13419  0
94498  0.93349  0.75459  -50  0.13327  0
94654  0.94614  0.73911  -55  0.13334  0
94810  0.95752  0.72266  -59  0.13434  0
94966  0.96771  0.70527  -63  0.13613  0
95123  0.97674  0.68696  -67  0.13859  0
95279  0.98470  0.66776  -70  0.14157  0
95435  0.99166  0.64769  -73  0.14492  0
95591  0.99767  0.62680  -68  0.14727  0
95748  1.00561  0.60619  -64  0.15043  0
95904  1.01525  0.58578  -61  0.15400  0
96060  1.02632  0.56551  -58  0.15765  0
96216  1.03860  0.54530  -56  0.16110  0
96373  1.05183  0.52508  -55  0.16419  0
96529  1.06576  0.50477  -54  0.16681  0
96685  1.08014  0.48429  -54  0.16892  0
96841  1.09474  0.46358  -55  0.17054  0
96998  1.10932  0.44257  -56  0.17173  0
97154  1.12368  0.42118  -57  0.17257  0
97310  1.13760  0.39935  -59  0.17318  0
97466  1.15089  0.37704  -61  0.17371  0
97623  1.16341  0.35418  -63  0.17429  0
97779  1.17499  0.33074  -66  0.17506  0
97935  1.18551  0.30668  -69  0.17612  0
98091  1.19488  0.28198  -72  0.17758  0
98248  1.20302  0.25662  -75  0.17948  0
98404  1.20987  0.23059  -78  0.18183  0
98560  1.21541  0.20388  -81  0.18461  0
98716  1.21963  0.17651  -84  0.18778  0
98873  1.22254  0.14850  -86  0.19124  0
99029  1.22417  0.11986  -89  0.19491  0
99185  1.22457  0.09062  -91  0.19868  0
99341  1.22380  0.06083  -93  0.20245  0
99498  1.22192  0.03052  -92  0.20435  0
99654  1.22054  -0.00010  -92  0.20619  0
99810  1.21945  -0.03101  -91  0.20790  0
99966  1.21849  -0.06218  -91  0.20944  0
