t  x  y  th  vel  obstacle
113   -1.00000  -1.00000  0  0.00000  0
269   -1.00000  -1.00000  89  0.04055  0
425   -1.00000  -0.99392  89  0.07578  0
581   -1.00000  -0.98255  89  0.10619  0
738   -1.00000  -0.96662  89  0.13225  0
894   -1.00000  -0.94679  89  0.15439  0
1050  -1.00000  -0.92363  89  0.17304  0
1206  -1.00000  -0.89767  89  0.18858  0
1363  -1.00000  -0.86938  89  0.20137  0
1519  -1.00000  -0.83918  89  0.21174  0
1675  -1.00000  -0.80742  89  0.22000  0
1831  -1.00000  -0.77442  89  0.22643  0
1988  -1.00000  -0.74045  89  0.23127  0
2144  -1.00000  -0.70576  89  0.23476  0
2300  -1.00000  -0.67055  89  0.23709  0
2456  -1.00000  -0.63499  90  0.23846  0
2613  -1.00000  -0.59922  90  0.23903  0
2769  -1.00000  -0.56336  90  0.23894  0
2925  -1.00001  -0.52752  90  0.23833  0
3082  -1.00002  -0.49177  90  0.23731  0
3238  -1.00004  -0.45618  90  0.23597  0
3394  -1.00006  -0.42078  90  0.23438  0
3550  -1.00010  -0.38562  90  0.23264  0
3707  -1.00015  -0.35073  90  0.23078  0
3863  -1.00022  -0.31611  90  0.22886  0
4019  -1.00030  -0.28178  90  0.22692  0
4175  -1.00040  -0.24774  90  0.22499  0
4332  -1.00051  -0.21400  90  0.22310  0
4488  -1.00064  -0.18053  90  0.22126  1
4644  -1.00079  -0.14734  90  0.21949  1
4800  -1.00095  -0.11442  90  0.21780  1
4957  -1.00113  -0.08175  90  0.21619  1
5113  -1.00132  -0.04932  90  0.21466  1
5269  -1.00152  -0.01712  90  0.21321  1
5425  -1.00172  0.01486  90  0.21183  1
5582  -1.00192  0.04663  90  0.21052  1
5738  -1.00212  0.07821  90  0.20927  1
5894  -1.00230  0.10960  90  0.20806  1
6050  -1.00246  0.14080  90  0.20688  1
6207  -1.00258  0.17184  90  0.20572  1
6363  -1.00267  0.20269  90  0.20456  1
6519  -1.00269  0.23338  89  0.20338  0
6671  -1.00265  0.26388  89  0.20216  0
6827  -1.00251  0.29421  89  0.20088  0
6983  -1.00226  0.32434  89  0.19953  0
7141  -1.00188  0.35427  88  0.19808  0
7297  -1.00134  0.38397  88  0.19651  0
7453  -1.00062  0.41344  88  0.19480  0
7609  -0.99968  0.44264  87  0.19293  0
7766  -0.99850  0.47156  87  0.19088  0
7922  -0.99702  0.50015  86  0.18864  0
8078  -0.99522  0.52839  85  0.18618  0
8234  -0.99305  0.55623  84  0.18351  0
8391  -0.99046  0.58364  83  0.18062  0
8547  -0.98740  0.61056  82  0.17750  0
8703  -0.98381  0.63694  80  0.17417  0
8859  -0.97965  0.66273  79  0.17065  0
9016  -0.97484  0.68787  77  0.16697  0
9172  -0.96933  0.71230  75  0.16318  0
9328  -0.96304  0.73596  72  0.15935  0
9484  -0.95592  0.75877  69  0.15557  0
9641  -0.94789  0.78068  66  0.15194  0
9797  -0.93889  0.80162  63  0.14860  0
9953  -0.92885  0.82153  59  0.14570  0
10109  -0.91772  0.84033  55  0.14340  0
10266  -0.90543  0.85799  50  0.14185  0
10422  -0.89193  0.87444  45  0.14120  0
10578  -0.87719  0.88965  41  0.14153  0
10734  -0.86118  0.90359  36  0.14282  0
10891  -0.84393  0.91630  32  0.14493  0
11047  -0.82550  0.92782  28  0.14769  0
11203  -0.80594  0.93823  24  0.15095  0
11359  -0.78532  0.94757  21  0.15454  0
11516  -0.76369  0.95591  18  0.15832  0
11672  -0.74113  0.96332  15  0.16217  0
11828  -0.71770  0.96986  13  0.16599  0
11984  -0.69348  0.97561  11  0.16971  0
12141  -0.66852  0.98064  9  0.17327  0
12297  -0.64290  0.98500  8  0.17663  2
12453  -0.61667  0.98875  6  0.17976  2
12609  -0.58990  0.99197  5  0.18264  2
12766  -0.56264  0.99470  4  0.18528  2
12922  -0.53494  0.99699  3  0.18767  2
13078  -0.50686  0.99889  3  0.18983  2
13234  -0.47843  1.00046  2  0.19176  2
13391  -0.44969  1.00173  2  0.19348  2
13547  -0.42069  1.00275  1  0.19500  2
13703  -0.39145  1.00354  1  0.19635  2
13859  -0.36200  1.00415  0  0.19753  2
14016  -0.33238  1.00461  0  0.19855  2
14172  -0.30259  1.00494  0  0.19944  2
14328  -0.27268  1.00516  0  0.20021  0
14484  -0.24265  1.00529  0  0.20086  0
14641  -0.21252  1.00537  0  0.20141  0
14797  -0.18231  1.00539  0  0.20187  0
14953  -0.15203  1.00538  0  0.20225  0
15109  -0.12169  1.00535  0  0.20255  0
15266  -0.09130  1.00530  0  0.20278  0
15422  -0.06089  1.00524  0  0.20295  0
15578  -0.03045  1.00518  0  0.20305  0
15734  0.00001  1.00512  0  0.20308  0
15891  0.03047  1.00506  0  0.20305  0
16047  0.06093  1.00500  0  0.20296  0
16203  0.09138  1.00494  0  0.20280  0
16359  0.12180  1.00486  0  0.20256  0
16516  0.15218  1.00477  0  0.20224  0
16672  0.18252  1.00466  0  0.20183  0
16828  0.21279  1.00451  0  0.20133  0
16984  0.24299  1.00431  0  0.20072  0
17141  0.27310  1.00404  0  0.19999  0
17297  0.30309  1.00369  0  0.19912  3
17453  0.33296  1.00324  -1  0.19811  3
17609  0.36267  1.00266  -1  0.19693  3
17766  0.39220  1.00192  -1  0.19559  3
17922  0.42152  1.00101  -2  0.19405  3
18078  0.45061  0.99988  -2  0.19230  3
18234  0.47942  0.99849  -3  0.19034  3
18391  0.50792  0.99682  -4  0.18815  3
18547  0.53607  0.99482  -4  0.18571  3
18703  0.56383  0.99244  -5  0.18304  3
18859  0.59114  0.98963  -6  0.18012  3
19016  0.61796  0.98634  -8  0.17697  3
19172  0.64422  0.98252  -9  0.17359  3
19331  0.66989  0.97810  -11  0.17002  0
19487  0.69488  0.97303  -13  0.16630  0
19643  0.71914  0.96724  -15  0.16248  0
19800  0.74261  0.96066  -18  0.15864  0
19956  0.76521  0.95322  -21  0.15488  0
20112  0.78689  0.94487  -24  0.15130  0
20300  0.80758  0.93553  -27  0.14806  0
20456  0.82720  0.92513  -31  0.14530  0
20617  0.84571  0.91363  -36  0.14318  0
20773  0.86306  0.90096  -40  0.14186  0
20929  0.87918  0.88708  -45  0.14145  0
21086  0.89406  0.87195  -50  0.14204  0
21242  0.90767  0.85556  -54  0.14356  0
21398  0.92005  0.83794  -59  0.14587  0
21554  0.93126  0.81915  -63  0.14878  0
21711  0.94135  0.79924  -66  0.15215  0
21867  0.95039  0.77829  -69  0.15580  0
22023  0.95845  0.75635  -72  0.15961  0
22179  0.96560  0.73350  -75  0.16346  0
22336  0.97189  0.70980  -77  0.16726  0
22492  0.97742  0.68533  -79  0.17093  0
22648  0.98223  0.66014  -80  0.17443  0
22804  0.98639  0.63431  -82  0.17772  0
22961  0.98997  0.60790  -83  0.18077  0
23117  0.99302  0.58095  -84  0.18358  0
23273  0.99560  0.55354  -85  0.18613  0
23429  0.99776  0.52570  -86  0.18845  0
23586  0.99955  0.49749  -87  0.19053  0
23742  1.00101  0.46895  -87  0.19239  0
23898  1.00219  0.44011  -88  0.19404  0
24054  1.00312  0.41102  -88  0.19551  0
24211  1.00385  0.38171  -88  0.19680  0
24367  1.00440  0.35219  -89  0.19792  0
24523  1.00481  0.32251  -89  0.19890  0
24679  1.00509  0.29267  -89  0.19975  0
24836  1.00528  0.26271  -89  0.20047  0
24992  1.00539  0.23264  -89  0.20109  0
25148  1.00544  0.20248  -89  0.20161  0
25304  1.00545  0.17223  -90  0.20205  4
25461  1.00543  0.14193  -90  0.20240  4
25617  1.00539  0.11157  -90  0.20268  4
25773  1.00534  0.08117  -90  0.20288  4
25929  1.00528  0.05073  -90  0.20303  4
26086  1.00522  0.02028  -90  0.20311  4
26242  1.00516  -0.01019  -90  0.20313  4
26398  1.00510  -0.04066  -90  0.20308  4
26554  1.00504  -0.07112  -90  0.20297  4
26711  1.00498  -0.10156  -90  0.20278  4
26867  1.00491  -0.13198  -90  0.20252  4
27023  1.00481  -0.16236  -90  0.20218  4
27179  1.00470  -0.19269  -90  0.20175  0
27336  1.00454  -0.22295  -90  0.20122  0
27492  1.00433  -0.25313  -90  0.20057  0
27648  1.00405  -0.28321  -90  0.19980  0
27804  1.00368  -0.31318  -90  0.19889  0
27961  1.00320  -0.34301  -91  0.19783  0
28117  1.00258  -0.37268  -91  0.19661  0
28273  1.00181  -0.40216  -91  0.19520  0
28429  1.00084  -0.43143  -92  0.19360  0
28586  0.99964  -0.46044  -92  0.19179  0
28742  0.99819  -0.48917  -93  0.18975  0
28898  0.99643  -0.51758  -94  0.18748  0
29054  0.99432  -0.54562  -95  0.18496  0
29211  0.99182  -0.57326  -96  0.18220  0
29367  0.98888  -0.60043  -97  0.17920  0
29523  0.98544  -0.62709  -98  0.17595  0
29679  0.98144  -0.65317  -100  0.17250  0
29836  0.97683  -0.67863  -102  0.16886  0
29992  0.97153  -0.70340  -104  0.16507  0
30148  0.96549  -0.72742  -106  0.16122  0
30304  0.95864  -0.75061  -109  0.15737  0
30461  0.95091  -0.77291  -112  0.15363  0
30617  0.94222  -0.79425  -115  0.15013  0
30773  0.93252  -0.81458  -119  0.14701  0
30929  0.92174  -0.83381  -123  0.14444  0
31086  0.90981  -0.85190  -127  0.14258  0
31242  0.89669  -0.86879  -132  0.14159  0
31398  0.88233  -0.88444  -137  0.14157  0
31554  0.86670  -0.89881  -142  0.14253  0
31711  0.84983  -0.91194  -146  0.14435  0
31867  0.83176  -0.92387  -150  0.14689  0
32023  0.81254  -0.93466  -154  0.14997  0
32179  0.79225  -0.94436  -157  0.15343  0
32336  0.77093  -0.95304  -160  0.15714  0
32492  0.74867  -0.96077  -163  0.16095  0
32648  0.72551  -0.96761  -165  0.16477  0
32804  0.70154  -0.97363  -167  0.16852  0
32961  0.67682  -0.97891  -169  0.17212  0
33117  0.65141  -0.98349  -171  0.17554  5
33273  0.62538  -0.98746  -172  0.17873  5
33429  0.59879  -0.99086  -173  0.18170  5
33586  0.57169  -0.99375  -174  0.18441  5
33742  0.54413  -0.99619  -175  0.18688  5
33898  0.51618  -0.99823  -176  0.18911  5
34054  0.48786  -0.99992  -177  0.19111  5
34211  0.45923  -1.00129  -177  0.19290  5
34367  0.43031  -1.00239  -178  0.19449  5
34523  0.40115  -1.00327  -178  0.19589  5
34679  0.37178  -1.00394  -179  0.19712  5
34836  0.34221  -1.00445  -179  0.19820  5
34992  0.31249  -1.00482  -179  0.19914  5
35148  0.28262  -1.00508  -179  0.19994  0
35304  0.25263  -1.00525  -179  0.20063  0
35461  0.22253  -1.00534  -179  0.20122  0
35617  0.19235  -1.00539  -179  0.20171  0
35773  0.16209  -1.00539  179  0.20212  0
35929  0.13177  -1.00537  179  0.20245  0
36086  0.10141  -1.00532  179  0.20271  0
36242  0.07100  -1.00527  179  0.20289  0
36398  0.04057  -1.00522  179  0.20302  0
36554  0.01011  -1.00516  179  0.20308  0
36711  -0.02035  -1.00510  179  0.20307  0
36867  -0.05081  -1.00504  179  0.20301  0
37023  -0.08126  -1.00498  179  0.20287  0
37179  -0.11169  -1.00491  179  0.20266  0
37336  -0.14209  -1.00483  179  0.20237  0
37492  -0.17244  -1.00473  179  0.20200  0
37648  -0.20274  -1.00460  179  0.20153  0
37804  -0.23297  -1.00442  179  0.20096  0
37961  -0.26312  -1.00418  179  0.20027  0
38117  -0.29316  -1.00387  179  0.19945  0
38273  -0.32307  -1.00346  178  0.19850  6
38429  -0.35284  -1.00293  178  0.19738  6
38586  -0.38244  -1.00225  178  0.19609  6
38742  -0.41184  -1.00141  177  0.19462  6
38898  -0.44102  -1.00036  177  0.19295  6
39054  -0.46993  -0.99907  176  0.19106  6
39211  -0.49855  -0.99751  176  0.18895  6
39367  -0.52683  -0.99562  175  0.18659  6
39523  -0.55472  -0.99338  174  0.18400  6
39679  -0.58220  -0.99073  173  0.18116  6
39836  -0.60919  -0.98761  172  0.17807  6
39992  -0.63565  -0.98398  170  0.17476  6
40148  -0.66153  -0.97977  169  0.17125  6
40304  -0.68676  -0.97493  167  0.16757  6
40461  -0.71127  -0.96939  165  0.16376  6
40617  -0.73501  -0.96308  162  0.15991  6
40773  -0.75791  -0.95593  159  0.15610  0
40929  -0.77990  -0.94789  156  0.15244  0
41086  -0.80091  -0.93888  153  0.14906  0
41242  -0.82089  -0.92883  149  0.14612  0
41398  -0.83976  -0.91768  145  0.14377  0
41554  -0.85748  -0.90539  140  0.14218  0
41711  -0.87399  -0.89189  135  0.14147  0
41867  -0.88925  -0.87714  131  0.14176  0
42023  -0.90324  -0.86113  126  0.14300  0
42179  -0.91600  -0.84388  122  0.14507  0
42336  -0.92756  -0.82545  118  0.14780  0
42492  -0.93800  -0.80589  114  0.15103  0
42648  -0.94738  -0.78527  111  0.15460  0
42804  -0.95575  -0.76364  108  0.15836  0
42961  -0.96318  -0.74108  105  0.16219  0
43117  -0.96975  -0.71766  103  0.16600  0
43273  -0.97552  -0.69343  101  0.16972  0
43430  -0.98057  -0.66848  99  0.17327  0
43586  -0.98494  -0.64286  98  0.17662  0
43742  -0.98871  -0.61664  96  0.17975  0
43898  -0.99194  -0.58987  95  0.18263  0
44054  -0.99467  -0.56261  94  0.18527  0
44211  -0.99698  -0.53492  93  0.18766  0
44367  -0.99889  -0.50683  93  0.18981  0
44523  -1.00046  -0.47841  92  0.19174  0
44680  -1.00174  -0.44967  92  0.19347  0
44836  -1.00276  -0.42067  91  0.19499  0
44992  -1.00356  -0.39143  91  0.19634  0
45148  -1.00417  -0.36199  90  0.19752  0
45305  -1.00462  -0.33236  90  0.19854  0
45461  -1.00495  -0.30258  90  0.19943  0
45617  -1.00517  -0.27267  90  0.20020  0
45773  -1.00531  -0.24264  90  0.20085  0
45930  -1.00539  -0.21251  90  0.20141  0
46086  -1.00541  -0.18230  89  0.20187  1
46242  -1.00540  -0.15202  89  0.20225  1
46398  -1.00537  -0.12168  89  0.20255  1
46555  -1.00532  -0.09130  89  0.20278  1
46711  -1.00526  -0.06088  89  0.20294  1
46867  -1.00520  -0.03044  89  0.20304  1
47023  -1.00514  0.00001  89  0.20308  1
47180  -1.00507  0.03048  89  0.20305  1
47336  -1.00501  0.06093  89  0.20296  1
47492  -1.00495  0.09138  89  0.20280  1
47648  -1.00487  0.12180  89  0.20256  1
47805  -1.00478  0.15218  89  0.20224  1
47961  -1.00467  0.18252  89  0.20183  1
48117  -1.00451  0.21279  89  0.20133  0
48273  -1.00431  0.24299  89  0.20072  0
48430  -1.00405  0.27310  89  0.19998  0
48586  -1.00370  0.30309  89  0.19912  0
48742  -1.00324  0.33296  88  0.19811  0
48898  -1.00266  0.36267  88  0.19693  0
49055  -1.00193  0.39220  88  0.19559  0
49211  -1.00101  0.42152  87  0.19405  0
49367  -0.99988  0.45061  87  0.19230  0
49523  -0.99849  0.47942  86  0.19034  0
49680  -0.99682  0.50792  85  0.18815  0
49836  -0.99482  0.53607  85  0.18571  0
49992  -0.99244  0.56383  84  0.18304  0
50148  -0.98963  0.59114  83  0.18012  0
50305  -0.98634  0.61796  81  0.17697  0
50461  -0.98252  0.64422  80  0.17359  0
50617  -0.97811  0.66988  78  0.17002  0
50773  -0.97303  0.69488  76  0.16630  0
50930  -0.96724  0.71914  74  0.16248  0
51086  -0.96066  0.74261  71  0.15864  0
51242  -0.95322  0.76521  68  0.15488  0
51398  -0.94487  0.78689  65  0.15131  0
51555  -0.93553  0.80758  62  0.14806  0
51711  -0.92513  0.82720  58  0.14530  0
51867  -0.91363  0.84571  53  0.14318  0
52023  -0.90096  0.86306  49  0.14186  0
52180  -0.88708  0.87918  44  0.14145  0
52336  -0.87195  0.89406  39  0.14204  0
52492  -0.85556  0.90767  35  0.14356  0
52648  -0.83794  0.92005  30  0.14587  0
52805  -0.81915  0.93126  26  0.14878  0
52961  -0.79924  0.94135  23  0.15215  0
53117  -0.77829  0.95039  20  0.15580  0
53273  -0.75635  0.95845  17  0.15961  0
53430  -0.73350  0.96560  14  0.16346  0
53586  -0.70980  0.97189  12  0.16726  0
53742  -0.68533  0.97742  10  0.17093  0
53898  -0.66014  0.98223  9  0.17443  2
54055  -0.63431  0.98639  7  0.17772  2
54211  -0.60789  0.98997  6  0.18077  2
54367  -0.58095  0.99302  5  0.18358  2
54523  -0.55354  0.99560  4  0.18613  2
54680  -0.52570  0.99776  3  0.18845  2
54836  -0.49749  0.99955  2  0.19053  2
54992  -0.46895  1.00101  2  0.19239  2
55148  -0.44011  1.00219  1  0.19404  2
55305  -0.41102  1.00312  1  0.19551  2
55461  -0.38170  1.00385  1  0.19680  2
55617  -0.35219  1.00440  0  0.19792  2
55773  -0.32251  1.00481  0  0.19890  2
55930  -0.29267  1.00509  0  0.19975  0
56086  -0.26271  1.00528  0  0.20047  0
56242  -0.23264  1.00539  0  0.20109  0
56398  -0.20248  1.00544  0  0.20161  0
56555  -0.17223  1.00545  0  0.20204  0
56711  -0.14193  1.00543  0  0.20240  0
56867  -0.11157  1.00539  0  0.20268  0
57023  -0.08117  1.00534  0  0.20288  0
57180  -0.05073  1.00528  0  0.20303  0
57336  -0.02028  1.00522  0  0.20311  0
57492  0.01019  1.00516  0  0.20313  0
57648  0.04066  1.00510  0  0.20308  0
57805  0.07112  1.00504  0  0.20297  0
57961  0.10156  1.00498  0  0.20278  0
58117  0.13198  1.00491  0  0.20252  0
58273  0.16236  1.00481  0  0.20218  0
58430  0.19269  1.00470  0  0.20175  0
58586  0.22295  1.00454  0  0.20122  0
58742  0.25313  1.00433  0  0.20057  0
58898  0.28321  1.00405  0  0.19980  0
59055  0.31318  1.00368  0  0.19889  3
59211  0.34301  1.00320  -1  0.19783  3
59367  0.37268  1.00258  -1  0.19661  3
59523  0.40216  1.00181  -1  0.19520  3
59680  0.43143  1.00084  -2  0.19360  3
59836  0.46044  0.99964  -2  0.19179  3
59992  0.48917  0.99819  -3  0.18975  3
60148  0.51758  0.99643  -4  0.18748  3
60305  0.54562  0.99432  -5  0.18496  3
60461  0.57326  0.99182  -6  0.18220  3
60617  0.60043  0.98888  -7  0.17920  3
60773  0.62709  0.98544  -8  0.17595  3
60930  0.65317  0.98144  -10  0.17250  3
61086  0.67863  0.97683  -12  0.16886  0
61242  0.70340  0.97153  -14  0.16507  0
61398  0.72742  0.96549  -16  0.16122  0
61555  0.75061  0.95864  -19  0.15737  0
61711  0.77291  0.95091  -22  0.15363  0
61867  0.79425  0.94222  -25  0.15013  0
62023  0.81458  0.93252  -29  0.14701  0
62180  0.83381  0.92174  -33  0.14444  0
62336  0.85190  0.90981  -37  0.14258  0
62492  0.86879  0.89669  -42  0.14159  0
62648  0.88444  0.88233  -47  0.14157  0
62805  0.89881  0.86670  -52  0.14253  0
62961  0.91194  0.84983  -56  0.14435  0
63117  0.92387  0.83176  -60  0.14689  0
63274  0.93466  0.81254  -64  0.14997  0
63430  0.94436  0.79225  -67  0.15343  0
63586  0.95304  0.77093  -70  0.15714  0
63742  0.96077  0.74867  -73  0.16095  0
63899  0.96761  0.72551  -75  0.16478  0
64055  0.97363  0.70154  -77  0.16852  0
64211  0.97891  0.67682  -79  0.17212  0
64367  0.98349  0.65141  -81  0.17554  0
64524  0.98746  0.62538  -82  0.17873  0
64680  0.99086  0.59879  -83  0.18170  0
64836  0.99375  0.57169  -84  0.18441  0
64992  0.99619  0.54413  -85  0.18688  0
65149  0.99823  0.51618  -86  0.18911  0
65305  0.99992  0.48786  -87  0.19111  0
65461  1.00129  0.45923  -87  0.19290  0
65617  1.00239  0.43031  -88  0.19449  0
65774  1.00327  0.40115  -88  0.19589  0
65930  1.00394  0.37178  -89  0.19712  0
66086  1.00445  0.34221  -89  0.19820  0
66242  1.00482  0.31249  -89  0.19914  0
66399  1.00508  0.28262  -89  0.19994  0
66555  1.00525  0.25263  -89  0.20063  0
66711  1.00534  0.22253  -89  0.20122  0
66867  1.00539  0.19235  -89  0.20171  0
67024  1.00539  0.16209  -90  0.20212  4
67180  1.00537  0.13177  -90  0.20245  4
67336  1.00532  0.10141  -90  0.20271  4
67492  1.00527  0.07100  -90  0.20289  4
67649  1.00522  0.04057  -90  0.20302  4
67805  1.00516  0.01011  -90  0.20308  4
67961  1.00510  -0.02035  -90  0.20307  4
68117  1.00504  -0.05081  -90  0.20301  4
68274  1.00498  -0.08126  -90  0.20287  4
68430  1.00491  -0.11169  -90  0.20266  4
68586  1.00483  -0.14209  -90  0.20237  4
68742  1.00473  -0.17244  -90  0.20200  4
68899  1.00460  -0.20274  -90  0.20153  0
69055  1.00442  -0.23297  -90  0.20096  0
69211  1.00418  -0.26312  -90  0.20027  0
69367  1.00387  -0.29316  -90  0.19945  0
69524  1.00346  -0.32307  -91  0.19850  0
69680  1.00293  -0.35284  -91  0.19738  0
69836  1.00225  -0.38244  -91  0.19609  0
69992  1.00141  -0.41184  -92  0.19462  0
70149  1.00036  -0.44102  -92  0.19295  0
70305  0.99907  -0.46993  -93  0.19106  0
70461  0.99751  -0.49855  -93  0.18895  0
70617  0.99562  -0.52683  -94  0.18659  0
70774  0.99338  -0.55472  -95  0.18400  0
70930  0.99073  -0.58220  -96  0.18116  0
71086  0.98761  -0.60919  -97  0.17807  0
71242  0.98398  -0.63565  -99  0.17476  0
71399  0.97977  -0.66153  -100  0.17125  0
71555  0.97493  -0.68676  -102  0.16757  0
71711  0.96939  -0.71127  -104  0.16376  0
71867  0.96308  -0.73501  -107  0.15991  0
72024  0.95593  -0.75791  -110  0.15610  0
72180  0.94789  -0.77990  -113  0.15244  0
72336  0.93888  -0.80091  -116  0.14906  0
72492  0.92883  -0.82089  -120  0.14612  0
72649  0.91768  -0.83976  -124  0.14377  0
72805  0.90539  -0.85748  -129  0.14217  0
72961  0.89189  -0.87399  -134  0.14147  0
73117  0.87714  -0.88925  -138  0.14176  0
73274  0.86113  -0.90324  -143  0.14300  0
73430  0.84388  -0.91600  -147  0.14507  0
73586  0.82545  -0.92756  -151  0.14780  0
73743  0.80589  -0.93800  -155  0.15103  0
73899  0.78527  -0.94738  -158  0.15460  0
74055  0.76364  -0.95575  -161  0.15836  0
74211  0.74108  -0.96318  -164  0.16219  0
74368  0.71766  -0.96975  -166  0.16600  0
74524  0.69343  -0.97552  -168  0.16972  0
74680  0.66848  -0.98057  -170  0.17327  0
74836  0.64286  -0.98494  -171  0.17662  5
74993  0.61664  -0.98871  -173  0.17975  5
75150  0.58987  -0.99194  -174  0.18263  5
75306  0.56261  -0.99468  -175  0.18527  5
75462  0.53492  -0.99698  -176  0.18766  5
75619  0.50683  -0.99889  -176  0.18981  5
75775  0.47841  -1.00046  -177  0.19174  5
75931  0.44967  -1.00174  -177  0.19347  5
76087  0.42067  -1.00276  -178  0.19499  5
76244  0.39143  -1.00356  -178  0.19634  5
76400  0.36199  -1.00417  -179  0.19752  5
76556  0.33236  -1.00462  -179  0.19854  5
76712  0.30258  -1.00495  -179  0.19943  5
76869  0.27267  -1.00517  -179  0.20020  0
77025  0.24264  -1.00531  -179  0.20085  0
77181  0.21251  -1.00539  -179  0.20141  0
77337  0.18230  -1.00541  179  0.20187  0
77494  0.15202  -1.00540  179  0.20225  0
77650  0.12168  -1.00537  179  0.20255  0
77806  0.09130  -1.00532  179  0.20278  0
77962  0.06088  -1.00526  179  0.20294  0
78119  0.03044  -1.00520  179  0.20304  0
78275  -0.00001  -1.00514  179  0.20308  0
78431  -0.03048  -1.00507  179  0.20305  0
78587  -0.06093  -1.00501  179  0.20296  0
78744  -0.09138  -1.00495  179  0.20280  0
78900  -0.12180  -1.00487  179  0.20256  0
79056  -0.15218  -1.00478  179  0.20224  0
79212  -0.18252  -1.00467  179  0.20183  0
79369  -0.21279  -1.00451  179  0.20133  0
79525  -0.24299  -1.00431  179  0.20072  0
79681  -0.27310  -1.00405  179  0.19998  0
79837  -0.30309  -1.00370  179  0.19912  0
79994  -0.33296  -1.00324  178  0.19811  6
80150  -0.36267  -1.00266  178  0.19693  6
80306  -0.39220  -1.00193  178  0.19559  6
80462  -0.42152  -1.00101  177  0.19405  6
80619  -0.45061  -0.99988  177  0.19230  6
80775  -0.47942  -0.99849  176  0.19034  6
80931  -0.50792  -0.99682  175  0.18815  6
81087  -0.53607  -0.99482  175  0.18571  6
81244  -0.56383  -0.99244  174  0.18304  6
81400  -0.59114  -0.98963  173  0.18012  6
81556  -0.61796  -0.98634  171  0.17697  6
81712  -0.64422  -0.98252  170  0.17359  6
81869  -0.66989  -0.97811  168  0.17002  6
82025  -0.69488  -0.97303  166  0.16630  6
82181  -0.71914  -0.96724  164  0.16248  6
82337  -0.74261  -0.96066  161  0.15864  6
82494  -0.76521  -0.95322  158  0.15488  0
82650  -0.78689  -0.94487  155  0.15131  0
82806  -0.80758  -0.93553  152  0.14806  0
82962  -0.82720  -0.92513  148  0.14530  0
83119  -0.84571  -0.91363  143  0.14318  0
83275  -0.86306  -0.90096  139  0.14186  0
83431  -0.87918  -0.88708  134  0.14145  0
83587  -0.89406  -0.87195  129  0.14204  0
83744  -0.90767  -0.85556  125  0.14356  0
83900  -0.92005  -0.83794  120  0.14587  0
84056  -0.93126  -0.81915  116  0.14878  0
84212  -0.94135  -0.79924  113  0.15215  0
84369  -0.95039  -0.77829  110  0.15580  0
84525  -0.95845  -0.75635  107  0.15961  0
84681  -0.96560  -0.73350  104  0.16346  0
84837  -0.97189  -0.70980  102  0.16726  0
84994  -0.97742  -0.68533  100  0.17093  0
85150  -0.98223  -0.66014  99  0.17443  0
85306  -0.98639  -0.63431  97  0.17772  0
85462  -0.98997  -0.60789  96  0.18077  0
85619  -0.99302  -0.58095  95  0.18358  0
85775  -0.99560  -0.55354  94  0.18613  0
85931  -0.99776  -0.52570  93  0.18845  0
86087  -0.99955  -0.49749  92  0.19053  0
86244  -1.00101  -0.46895  92  0.19239  0
86400  -1.00219  -0.44011  91  0.19404  0
86556  -1.00312  -0.41102  91  0.19551  0
86712  -1.00385  -0.38170  91  0.19680  0
86869  -1.00440  -0.35219  90  0.19792  0
87025  -1.00481  -0.32251  90  0.19890  0
87181  -1.00509  -0.29267  90  0.19975  0
87337  -1.00528  -0.26271  90  0.20047  0
87494  -1.00539  -0.23264  90  0.20109  0
87650  -1.00544  -0.20248  90  0.20161  1
87806  -1.00545  -0.17223  89  0.20204  1
87962  -1.00543  -0.14193  89  0.20240  1
88119  -1.00539  -0.11157  89  0.20268  1
88275  -1.00534  -0.08117  89  0.20288  1
88431  -1.00528  -0.05073  89  0.20303  1
88587  -1.00522  -0.02028  89  0.20311  1
88744  -1.00516  0.01019  89  0.20313  1
88900  -1.00510  0.04066  89  0.20308  1
89056  -1.00504  0.07112  89  0.20297  1
89212  -1.00498  0.10156  89  0.20278  1
89369  -1.00491  0.13198  89  0.20252  1
89525  -1.00481  0.16236  89  0.20218  1
89681  -1.00470  0.19269  89  0.20175  1
89838  -1.00454  0.22295  89  0.20122  0
89994  -1.00433  0.25313  89  0.20057  0
90150  -1.00405  0.28321  89  0.19980  0
90306  -1.00368  0.31318  89  0.19889  0
90462  -1.00320  0.34301  88  0.19783  0
90619  -1.00258  0.37268  88  0.19661  0
90775  -1.00181  0.40216  88  0.19520  0
90931  -1.00084  0.43143  87  0.19360  0
91087  -0.99964  0.46044  87  0.19179  0
91244  -0.99819  0.48917  86  0.18975  0
91400  -0.99643  0.51758  85  0.18748  0
91556  -0.99432  0.54562  84  0.18496  0
91713  -0.99182  0.57326  83  0.18220  0
91869  -0.98888  0.60043  82  0.17920  0
92025  -0.98544  0.62709  81  0.17595  0
92181  -0.98144  0.65317  79  0.17250  0
92338  -0.97683  0.67863  77  0.16886  0
92494  -0.97153  0.70340  75  0.16507  0
92650  -0.96549  0.72742  73  0.16122  0
92806  -0.95864  0.75061  70  0.15737  0
92963  -0.95091  0.77291  67  0.15363  0
93119  -0.94222  0.79425  64  0.15013  0
93275  -0.93252  0.81458  60  0.14701  0
93431  -0.92174  0.83381  56  0.14444  0
93588  -0.90981  0.85190  52  0.14258  0
93744  -0.89669  0.86879  47  0.14159  0
93900  -0.88233  0.88444  42  0.14157  0
94056  -0.86670  0.89881  37  0.14253  0
94213  -0.84983  0.91194  33  0.14435  0
94369  -0.83176  0.92387  29  0.14689  0
94525  -0.81254  0.93466  25  0.14997  0
94681  -0.79225  0.94436  22  0.15343  0
94838  -0.77093  0.95304  19  0.15714  0
94994  -0.74867  0.96077  16  0.16095  0
95150  -0.72551  0.96761  14  0.16478  0
95306  -0.70154  0.97363  12  0.16852  0
95463  -0.67682  0.97891  10  0.17212  0
95619  -0.65141  0.98349  8  0.17554  2
95775  -0.62538  0.98746  7  0.17873  2
95931  -0.59879  0.99086  6  0.18170  2
96088  -0.57169  0.99375  5  0.18441  2
96244  -0.54413  0.99619  4  0.18688  2
96400  -0.51618  0.99823  3  0.18911  2
96556  -0.48786  0.99992  2  0.19111  2
96713  -0.45923  1.00129  2  0.19290  2
96869  -0.43031  1.00239  1  0.19449  2
97025  -0.40115  1.00327  1  0.19589  2
97181  -0.37178  1.00394  0  0.19712  2
97338  -0.34221  1.00445  0  0.19820  2
97494  -0.31249  1.00482  0  0.19914  2
97650  -0.28262  1.00508  0  0.19994  0
97806  -0.25263  1.00525  0  0.20063  0
97963  -0.22253  1.00534  0  0.20122  0
98119  -0.19235  1.00539  0  0.20171  0
98275  -0.16209  1.00539  0  0.20212  0
98431  -0.13177  1.00537  0  0.20245  0
98588  -0.10141  1.00532  0  0.20271  0
98744  -0.07100  1.00527  0  0.20289  0
98900  -0.04057  1.00522  0  0.20302  0
99056  -0.01011  1.00516  0  0.20308  0
99213  0.02035  1.00510  0  0.20307  0
99369  0.05081  1.00504  0  0.20301  0
99525  0.08126  1.00498  0  0.20287  0
99681  0.11169  1.00491  0  0.20266  0
99838  0.14209  1.00483  0  0.20237  0
