t  x  y  th  vel  obstacle
113   1.00000  1.00000  0  0.00000  0
269   1.00000  1.00000  -89  0.04055  0
425   1.00000  0.99392  -89  0.07578  0
581   1.00000  0.98255  -89  0.10619  0
738   1.00000  0.96662  -89  0.13225  0
894   1.00000  0.94679  -89  0.15439  0
1050  1.00000  0.92363  -89  0.17304  0
1206  1.00000  0.89767  -89  0.18858  0
1363  1.00000  0.86938  -89  0.20137  0
1519  1.00000  0.83918  -89  0.21174  0
1675  1.00000  0.80742  -89  0.22000  0
1831  1.00000  0.77442  -89  0.22643  0
1988  1.00000  0.74045  -89  0.23127  0
2144  1.00000  0.70576  -89  0.23476  0
2300  1.00000  0.67055  -89  0.23709  0
2456  1.00000  0.63499  -89  0.23846  0
2613  1.00000  0.59922  -89  0.23903  0
2769  1.00000  0.56336  -89  0.23894  0
2925  1.00001  0.52752  -89  0.23833  0
3082  1.00002  0.49177  -89  0.23731  0
3238  1.00004  0.45618  -89  0.23597  0
3394  1.00006  0.42078  -89  0.23438  0
3550  1.00010  0.38562  -89  0.23264  0
3707  1.00015  0.35073  -89  0.23078  0
3863  1.00022  0.31611  -89  0.22886  0
4019  1.00030  0.28178  -89  0.22692  0
4175  1.00040  0.24774  -89  0.22499  0
4332  1.00051  0.21400  -89  0.22310  0
4488  1.00064  0.18053  -89  0.22126  0
4644  1.00079  0.14734  -89  0.21949  4
4800  1.00095  0.11442  -89  0.21780  4
4957  1.00113  0.08175  -89  0.21619  4
5113  1.00132  0.04932  -89  0.21466  4
5269  1.00152  0.01712  -89  0.21321  4
5425  1.00172  -0.01486  -89  0.21183  4
5582  1.00192  -0.04663  -89  0.21052  4
5738  1.00212  -0.07821  -89  0.20927  4
5894  1.00230  -0.10960  -89  0.20806  4
6050  1.00246  -0.14080  -89  0.20688  4
6207  1.00258  -0.17184  -89  0.20572  4
6363  1.00267  -0.20269  -89  0.20456  0
6519  1.00269  -0.23338  -90  0.20338  0
6671  1.00265  -0.26388  -90  0.20216  0
6827  1.00251  -0.29421  -90  0.20088  0
6983  1.00226  -0.32434  -90  0.19953  0
7141  1.00188  -0.35427  -91  0.19808  0
7297  1.00134  -0.38397  -91  0.19651  0
7453  1.00062  -0.41344  -91  0.19480  0
7609  0.99968  -0.44264  -92  0.19293  0
7766  0.99850  -0.47156  -92  0.19088  0
7922  0.99702  -0.50015  -93  0.18864  0
8078  0.99522  -0.52839  -94  0.18618  0
8234  0.99305  -0.55623  -95  0.18351  0
8391  0.99046  -0.58364  -96  0.18062  0
8547  0.98740  -0.61056  -97  0.17750  0
8703  0.98381  -0.63694  -99  0.17417  0
8859  0.97965  -0.66273  -100  0.17065  0
9016  0.97484  -0.68787  -102  0.16697  0
9172  0.96933  -0.71230  -104  0.16318  0
9328  0.96304  -0.73596  -107  0.15935  0
9484  0.95592  -0.75877  -110  0.15557  0
9641  0.94789  -0.78068  -113  0.15194  0
9797  0.93889  -0.80162  -116  0.14860  0
9953  0.92885  -0.82153  -120  0.14570  0
10109  0.91772  -0.84033  -124  0.14340  0
10266  0.90543  -0.85799  -129  0.14185  0
10422  0.89193  -0.87444  -134  0.14120  0
10578  0.87719  -0.88965  -138  0.14153  0
10734  0.86118  -0.90359  -143  0.14282  0
10891  0.84393  -0.91630  -147  0.14493  0
11047  0.82550  -0.92782  -151  0.14769  0
11203  0.80594  -0.93823  -155  0.15095  0
11359  0.78532  -0.94757  -158  0.15454  0
11516  0.76369  -0.95591  -161  0.15832  0
11672  0.74113  -0.96332  -164  0.16217  0
11828  0.71770  -0.96986  -166  0.16599  0
11984  0.69348  -0.97561  -168  0.16971  0
12141  0.66852  -0.98064  -170  0.17327  0
12297  0.64290  -0.98500  -171  0.17663  5
12453  0.61667  -0.98875  -173  0.17976  5
12609  0.58990  -0.99197  -174  0.18264  5
12766  0.56264  -0.99470  -175  0.18528  5
12922  0.53494  -0.99699  -176  0.18767  5
13078  0.50686  -0.99889  -176  0.18983  5
13234  0.47843  -1.00046  -177  0.19176  5
13391  0.44969  -1.00173  -177  0.19348  5
13547  0.42069  -1.00275  -178  0.19500  5
13703  0.39145  -1.00354  -178  0.19635  5
13859  0.36200  -1.00415  -179  0.19753  5
14016  0.33238  -1.00461  -179  0.19855  5
14172  0.30259  -1.00494  -179  0.19944  5
14328  0.27268  -1.00516  -179  0.20021  0
14484  0.24265  -1.00529  -179  0.20086  0
14641  0.21252  -1.00537  -179  0.20141  0
14797  0.18231  -1.00539  179  0.20187  0
14953  0.15203  -1.00538  179  0.20225  0
15109  0.12169  -1.00535  179  0.20255  0
15266  0.09130  -1.00530  179  0.20278  0
15422  0.06089  -1.00524  179  0.20295  0
15578  0.03045  -1.00518  179  0.20305  0
15734  -0.00001  -1.00512  179  0.20308  0
15891  -0.03047  -1.00506  179  0.20305  0
16047  -0.06093  -1.00500  179  0.20296  0
16203  -0.09138  -1.00494  179  0.20280  0
16359  -0.12180  -1.00486  179  0.20256  0
16516  -0.15218  -1.00477  179  0.20224  0
16672  -0.18252  -1.00466  179  0.20183  0
16828  -0.21279  -1.00451  179  0.20133  0
16984  -0.24299  -1.00431  179  0.20072  0
17141  -0.27310  -1.00404  179  0.19999  0
17297  -0.30309  -1.00369  179  0.19912  0
17453  -0.33296  -1.00324  178  0.19811  6
17609  -0.36267  -1.00266  178  0.19693  6
17766  -0.39220  -1.00192  178  0.19559  6
17922  -0.42152  -1.00101  177  0.19405  6
18078  -0.45061  -0.99988  177  0.19230  6
18234  -0.47942  -0.99849  176  0.19034  6
18391  -0.50792  -0.99682  175  0.18815  6
18547  -0.53607  -0.99482  175  0.18571  6
18703  -0.56383  -0.99244  174  0.18304  6
18859  -0.59114  -0.98963  173  0.18012  6
19016  -0.61796  -0.98634  171  0.17697  6
19172  -0.64422  -0.98252  170  0.17359  6
19331  -0.66989  -0.97810  168  0.17002  6
19487  -0.69488  -0.97303  166  0.16630  6
19643  -0.71914  -0.96724  164  0.16248  6
19800  -0.74261  -0.96066  161  0.15864  6
19956  -0.76521  -0.95322  158  0.15488  0
20112  -0.78689  -0.94487  155  0.15130  0
20268  -0.80758  -0.93553  152  0.14806  0
20425  -0.82720  -0.92513  148  0.14530  0
20586  -0.84571  -0.91363  143  0.14318  0
20742  -0.86306  -0.90096  139  0.14186  0
20898  -0.87918  -0.88708  134  0.14145  0
21054  -0.89406  -0.87195  129  0.14204  0
21211  -0.90767  -0.85556  125  0.14356  0
21367  -0.92005  -0.83794  120  0.14587  0
21523  -0.93126  -0.81915  116  0.14878  0
21679  -0.94135  -0.79924  113  0.15215  0
21836  -0.95039  -0.77829  110  0.15580  0
21992  -0.95845  -0.75635  107  0.15961  0
22148  -0.96560  -0.73350  104  0.16346  0
22304  -0.97189  -0.70980  102  0.16726  0
22461  -0.97742  -0.68533  100  0.17093  0
22617  -0.98223  -0.66014  99  0.17443  0
22773  -0.98639  -0.63431  97  0.17772  0
22929  -0.98997  -0.60790  96  0.18077  0
23086  -0.99302  -0.58095  95  0.18358  0
23242  -0.99560  -0.55354  94  0.18613  0
23398  -0.99776  -0.52570  93  0.18845  0
23554  -0.99955  -0.49749  92  0.19053  0
23711  -1.00101  -0.46895  92  0.19239  0
23867  -1.00219  -0.44011  91  0.19404  0
24023  -1.00312  -0.41102  91  0.19551  0
24179  -1.00385  -0.38171  91  0.19680  0
24336  -1.00440  -0.35219  90  0.19792  0
24492  -1.00481  -0.32251  90  0.19890  0
24648  -1.00509  -0.29267  90  0.19975  0
24804  -1.00528  -0.26271  90  0.20047  0
24961  -1.00539  -0.23264  90  0.20109  0
25117  -1.00544  -0.20248  90  0.20161  1
25273  -1.00545  -0.17223  89  0.20205  1
25429  -1.00543  -0.14193  89  0.20240  1
25586  -1.00539  -0.11157  89  0.20268  1
25742  -1.00534  -0.08117  89  0.20288  1
25898  -1.00528  -0.05073  89  0.20303  1
26054  -1.00522  -0.02028  89  0.20311  1
26211  -1.00516  0.01019  89  0.20313  1
26367  -1.00510  0.04066  89  0.20308  1
26523  -1.00504  0.07112  89  0.20297  1
26679  -1.00498  0.10156  89  0.20278  1
26836  -1.00491  0.13198  89  0.20252  1
26992  -1.00481  0.16236  89  0.20218  1
27148  -1.00470  0.19269  89  0.20175  1
27304  -1.00454  0.22295  89  0.20122  0
27461  -1.00433  0.25313  89  0.20057  0
27617  -1.00405  0.28321  89  0.19980  0
27773  -1.00368  0.31318  89  0.19889  0
27929  -1.00320  0.34301  88  0.19783  0
28086  -1.00258  0.37268  88  0.19661  0
28242  -1.00181  0.40216  88  0.19520  0
28398  -1.00084  0.43143  87  0.19360  0
28554  -0.99964  0.46044  87  0.19179  0
28711  -0.99819  0.48917  86  0.18975  0
28867  -0.99643  0.51758  85  0.18748  0
29023  -0.99432  0.54562  84  0.18496  0
29179  -0.99182  0.57326  83  0.18220  0
29336  -0.98888  0.60043  82  0.17920  0
29492  -0.98544  0.62709  81  0.17595  0
29648  -0.98144  0.65317  79  0.17250  0
29804  -0.97683  0.67863  77  0.16886  0
29961  -0.97153  0.70340  75  0.16507  0
30117  -0.96549  0.72742  73  0.16122  0
30273  -0.95864  0.75061  70  0.15737  0
30429  -0.95091  0.77291  67  0.15363  0
30586  -0.94222  0.79425  64  0.15013  0
30742  -0.93252  0.81458  60  0.14701  0
30898  -0.92174  0.83381  56  0.14444  0
31054  -0.90981  0.85190  52  0.14258  0
31211  -0.89669  0.86879  47  0.14159  0
31367  -0.88233  0.88444  42  0.14157  0
31523  -0.86670  0.89881  37  0.14253  0
31679  -0.84983  0.91194  33  0.14435  0
31836  -0.83176  0.92387  29  0.14689  0
31992  -0.81254  0.93466  25  0.14997  0
32148  -0.79225  0.94436  22  0.15343  0
32304  -0.77093  0.95304  19  0.15714  0
32461  -0.74867  0.96077  16  0.16095  0
32617  -0.72551  0.96761  14  0.16477  0
32773  -0.70154  0.97363  12  0.16852  0
32929  -0.67682  0.97891  10  0.17212  0
33086  -0.65141  0.98349  8  0.17554  2
33242  -0.62538  0.98746  7  0.17873  2
33398  -0.59879  0.99086  6  0.18170  2
33554  -0.57169  0.99375  5  0.18441  2
33711  -0.54413  0.99619  4  0.18688  2
33867  -0.51618  0.99823  3  0.18911  2
34023  -0.48786  0.99992  2  0.19111  2
34179  -0.45923  1.00129  2  0.19290  2
34336  -0.43031  1.00239  1  0.19449  2
34492  -0.40115  1.00327  1  0.19589  2
34648  -0.37178  1.00394  0  0.19712  2
34804  -0.34221  1.00445  0  0.19820  2
34961  -0.31249  1.00482  0  0.19914  2
35117  -0.28262  1.00508  0  0.19994  0
35273  -0.25263  1.00525  0  0.20063  0
35429  -0.22253  1.00534  0  0.20122  0
35586  -0.19235  1.00539  0  0.20171  0
35742  -0.16209  1.00539  0  0.20212  0
35898  -0.13177  1.00537  0  0.20245  0
36054  -0.10141  1.00532  0  0.20271  0
36211  -0.07100  1.00527  0  0.20289  0
36367  -0.04057  1.00522  0  0.20302  0
36523  -0.01011  1.00516  0  0.20308  0
36679  0.02035  1.00510  0  0.20307  0
36836  0.05081  1.00504  0  0.20301  0
36992  0.08126  1.00498  0  0.20287  0
37148  0.11169  1.00491  0  0.20266  0
37304  0.14209  1.00483  0  0.20237  0
37461  0.17244  1.00473  0  0.20200  0
37617  0.20274  1.00460  0  0.20153  0
37773  0.23297  1.00442  0  0.20096  0
37929  0.26312  1.00418  0  0.20027  0
38086  0.29316  1.00387  0  0.19945  0
38242  0.32307  1.00346  -1  0.19850  3
38398  0.35284  1.00293  -1  0.19738  3
38554  0.38244  1.00225  -1  0.19609  3
38711  0.41184  1.00141  -2  0.19462  3
38867  0.44102  1.00036  -2  0.19295  3
39023  0.46993  0.99907  -3  0.19106  3
39179  0.49855  0.99751  -3  0.18895  3
39336  0.52683  0.99562  -4  0.18659  3
39492  0.55472  0.99338  -5  0.18400  3
39648  0.58220  0.99073  -6  0.18116  3
39804  0.60919  0.98761  -7  0.17807  3
39961  0.63565  0.98398  -9  0.17476  3
40117  0.66153  0.97977  -10  0.17125  3
40273  0.68676  0.97493  -12  0.16757  0
40430  0.71127  0.96939  -14  0.16376  0
40586  0.73501  0.96308  -17  0.15991  0
40742  0.75791  0.95593  -20  0.15610  0
40898  0.77990  0.94789  -23  0.15244  0
41055  0.80091  0.93888  -26  0.14906  0
41211  0.82089  0.92883  -30  0.14612  0
41367  0.83976  0.91768  -34  0.14377  0
41523  0.85748  0.90539  -39  0.14218  0
41680  0.87399  0.89189  -44  0.14147  0
41836  0.88925  0.87714  -48  0.14176  0
41992  0.90324  0.86113  -53  0.14300  0
42148  0.91600  0.84388  -57  0.14507  0
42305  0.92756  0.82545  -61  0.14780  0
42461  0.93800  0.80589  -65  0.15103  0
42617  0.94738  0.78527  -68  0.15460  0
42773  0.95575  0.76364  -71  0.15836  0
42930  0.96318  0.74108  -74  0.16219  0
43086  0.96975  0.71766  -76  0.16600  0
43242  0.97552  0.69343  -78  0.16972  0
43398  0.98057  0.66848  -80  0.17327  0
43555  0.98494  0.64286  -81  0.17662  0
43711  0.98871  0.61664  -83  0.17975  0
43867  0.99194  0.58987  -84  0.18263  0
44023  0.99467  0.56261  -85  0.18527  0
44180  0.99698  0.53492  -86  0.18766  0
44336  0.99889  0.50683  -86  0.18981  0
44492  1.00046  0.47841  -87  0.19174  0
44648  1.00174  0.44967  -87  0.19347  0
44805  1.00276  0.42067  -88  0.19499  0
44961  1.00356  0.39143  -88  0.19634  0
45117  1.00417  0.36199  -89  0.19752  0
45273  1.00462  0.33236  -89  0.19854  0
45430  1.00495  0.30258  -89  0.19943  0
45586  1.00517  0.27267  -89  0.20020  0
45742  1.00531  0.24264  -89  0.20085  0
45898  1.00539  0.21251  -89  0.20141  0
46055  1.00541  0.18230  -90  0.20187  0
46211  1.00540  0.15202  -90  0.20225  4
46367  1.00537  0.12168  -90  0.20255  4
46523  1.00532  0.09130  -90  0.20278  4
46680  1.00526  0.06088  -90  0.20294  4
46836  1.00520  0.03044  -90  0.20304  4
46992  1.00514  -0.00001  -90  0.20308  4
47148  1.00507  -0.03048  -90  0.20305  4
47305  1.00501  -0.06093  -90  0.20296  4
47461  1.00495  -0.09138  -90  0.20280  4
47617  1.00487  -0.12180  -90  0.20256  4
47773  1.00478  -0.15218  -90  0.20224  4
47930  1.00467  -0.18252  -90  0.20183  0
48086  1.00451  -0.21279  -90  0.20133  0
48242  1.00431  -0.24299  -90  0.20072  0
48398  1.00405  -0.27310  -90  0.19998  0
48555  1.00370  -0.30309  -90  0.19912  0
48711  1.00324  -0.33296  -91  0.19811  0
48867  1.00266  -0.36267  -91  0.19693  0
49023  1.00193  -0.39220  -91  0.19559  0
49180  1.00101  -0.42152  -92  0.19405  0
49336  0.99988  -0.45061  -92  0.19230  0
49492  0.99849  -0.47942  -93  0.19034  0
49648  0.99682  -0.50792  -94  0.18815  0
49805  0.99482  -0.53607  -94  0.18571  0
49961  0.99244  -0.56383  -95  0.18304  0
50117  0.98963  -0.59114  -96  0.18012  0
50273  0.98634  -0.61796  -98  0.17697  0
50430  0.98252  -0.64422  -99  0.17359  0
50586  0.97811  -0.66988  -101  0.17002  0
50742  0.97303  -0.69488  -103  0.16630  0
50898  0.96724  -0.71914  -105  0.16248  0
51055  0.96066  -0.74261  -108  0.15864  0
51211  0.95322  -0.76521  -111  0.15488  0
51367  0.94487  -0.78689  -114  0.15131  0
51523  0.93553  -0.80758  -117  0.14806  0
51680  0.92513  -0.82720  -121  0.14530  0
51836  0.91363  -0.84571  -126  0.14318  0
51992  0.90096  -0.86306  -130  0.14186  0
52148  0.88708  -0.87918  -135  0.14145  0
52305  0.87195  -0.89406  -140  0.14204  0
52461  0.85556  -0.90767  -144  0.14356  0
52617  0.83794  -0.92005  -149  0.14587  0
52773  0.81915  -0.93126  -153  0.14878  0
52930  0.79924  -0.94135  -156  0.15215  0
53086  0.77829  -0.95039  -159  0.15580  0
53242  0.75635  -0.95845  -162  0.15961  0
53398  0.73350  -0.96560  -165  0.16346  0
53555  0.70980  -0.97189  -167  0.16726  0
53711  0.68533  -0.97742  -169  0.17093  0
53867  0.66014  -0.98223  -170  0.17443  5
54023  0.63431  -0.98639  -172  0.17772  5
54180  0.60789  -0.98997  -173  0.18077  5
54336  0.58095  -0.99302  -174  0.18358  5
54492  0.55354  -0.99560  -175  0.18613  5
54648  0.52570  -0.99776  -176  0.18845  5
54805  0.49749  -0.99955  -177  0.19053  5
54961  0.46895  -1.00101  -177  0.19239  5
55117  0.44011  -1.00219  -178  0.19404  5
55273  0.41102  -1.00312  -178  0.19551  5
55430  0.38170  -1.00385  -178  0.19680  5
55586  0.35219  -1.00440  -179  0.19792  5
55742  0.32251  -1.00481  -179  0.19890  5
55898  0.29267  -1.00509  -179  0.19975  0
56055  0.26271  -1.00528  -179  0.20047  0
56211  0.23264  -1.00539  -179  0.20109  0
56367  0.20248  -1.00544  -179  0.20161  0
56523  0.17223  -1.00545  179  0.20204  0
56680  0.14193  -1.00543  179  0.20240  0
56836  0.11157  -1.00539  179  0.20268  0
56992  0.08117  -1.00534  179  0.20288  0
57148  0.05073  -1.00528  179  0.20303  0
57305  0.02028  -1.00522  179  0.20311  0
57461  -0.01019  -1.00516  179  0.20313  0
57617  -0.04066  -1.00510  179  0.20308  0
57773  -0.07112  -1.00504  179  0.20297  0
57930  -0.10156  -1.00498  179  0.20278  0
58086  -0.13198  -1.00491  179  0.20252  0
58242  -0.16236  -1.00481  179  0.20218  0
58398  -0.19269  -1.00470  179  0.20175  0
58555  -0.22295  -1.00454  179  0.20122  0
58711  -0.25313  -1.00433  179  0.20057  0
58867  -0.28321  -1.00405  179  0.19980  0
59023  -0.31318  -1.00368  179  0.19889  6
59180  -0.34301  -1.00320  178  0.19783  6
59336  -0.37268  -1.00258  178  0.19661  6
59492  -0.40216  -1.00181  178  0.19520  6
59648  -0.43143  -1.00084  177  0.19360  6
59805  -0.46044  -0.99964  177  0.19179  6
59961  -0.48917  -0.99819  176  0.18975  6
60117  -0.51758  -0.99643  175  0.18748  6
60273  -0.54562  -0.99432  174  0.18496  6
60430  -0.57326  -0.99182  173  0.18220  6
60586  -0.60043  -0.98888  172  0.17920  6
60742  -0.62709  -0.98544  171  0.17595  6
60898  -0.65317  -0.98144  169  0.17250  6
61055  -0.67863  -0.97683  167  0.16886  6
61211  -0.70340  -0.97153  165  0.16507  6
61367  -0.72742  -0.96549  163  0.16122  6
61523  -0.75061  -0.95864  160  0.15737  0
61680  -0.77291  -0.95091  157  0.15363  0
61836  -0.79425  -0.94222  154  0.15013  0
61992  -0.81458  -0.93252  150  0.14701  0
62148  -0.83381  -0.92174  146  0.14444  0
62305  -0.85190  -0.90981  142  0.14258  0
62461  -0.86879  -0.89669  137  0.14159  0
62617  -0.88444  -0.88233  132  0.14157  0
62773  -0.89881  -0.86670  127  0.14253  0
62930  -0.91194  -0.84983  123  0.14435  0
63086  -0.92387  -0.83176  119  0.14689  0
63242  -0.93466  -0.81254  115  0.14997  0
63399  -0.94436  -0.79225  112  0.15343  0
63555  -0.95304  -0.77093  109  0.15714  0
63711  -0.96077  -0.74867  106  0.16095  0
63867  -0.96761  -0.72551  104  0.16478  0
64024  -0.97363  -0.70154  102  0.16852  0
64180  -0.97891  -0.67682  100  0.17212  0
64336  -0.98349  -0.65141  98  0.17554  0
64492  -0.98746  -0.62538  97  0.17873  0
64649  -0.99086  -0.59879  96  0.18170  0
64805  -0.99375  -0.57169  95  0.18441  0
64961  -0.99619  -0.54413  94  0.18688  0
65117  -0.99823  -0.51618  93  0.18911  0
65274  -0.99992  -0.48786  92  0.19111  0
65430  -1.00129  -0.45923  92  0.19290  0
65586  -1.00239  -0.43031  91  0.19449  0
65742  -1.00327  -0.40115  91  0.19589  0
65899  -1.00394  -0.37178  90  0.19712  0
66055  -1.00445  -0.34221  90  0.19820  0
66211  -1.00482  -0.31249  90  0.19914  0
66367  -1.00508  -0.28262  90  0.19994  0
66524  -1.00525  -0.25263  90  0.20063  0
66680  -1.00534  -0.22253  90  0.20122  0
66836  -1.00539  -0.19235  90  0.20171  1
66992  -1.00539  -0.16209  89  0.20212  1
67149  -1.00537  -0.13177  89  0.20245  1
67305  -1.00532  -0.10141  89  0.20271  1
67461  -1.00527  -0.07100  89  0.20289  1
67617  -1.00522  -0.04057  89  0.20302  1
67774  -1.00516  -0.01011  89  0.20308  1
67930  -1.00510  0.02035  89  0.20307  1
68086  -1.00504  0.05081  89  0.20301  1
68242  -1.00498  0.08126  89  0.20287  1
68399  -1.00491  0.11169  89  0.20266  1
68555  -1.00483  0.14209  89  0.20237  1
68711  -1.00473  0.17244  89  0.20200  1
68867  -1.00460  0.20274  89  0.20153  1
69024  -1.00442  0.23297  89  0.20096  0
69180  -1.00418  0.26312  89  0.20027  0
69336  -1.00387  0.29316  89  0.19945  0
69492  -1.00346  0.32307  88  0.19850  0
69649  -1.00293  0.35284  88  0.19738  0
69805  -1.00225  0.38244  88  0.19609  0
69961  -1.00141  0.41184  87  0.19462  0
70118  -1.00036  0.44102  87  0.19295  0
70274  -0.99907  0.46993  86  0.19106  0
70430  -0.99751  0.49855  86  0.18895  0
70586  -0.99562  0.52683  85  0.18659  0
70743  -0.99338  0.55472  84  0.18400  0
70899  -0.99073  0.58220  83  0.18116  0
71055  -0.98761  0.60919  82  0.17807  0
71211  -0.98398  0.63565  80  0.17476  0
71368  -0.97977  0.66153  79  0.17125  0
71524  -0.97493  0.68676  77  0.16757  0
71680  -0.96939  0.71127  75  0.16376  0
71836  -0.96308  0.73501  72  0.15991  0
71993  -0.95593  0.75791  69  0.15610  0
72149  -0.94789  0.77990  66  0.15244  0
72305  -0.93888  0.80091  63  0.14906  0
72461  -0.92883  0.82089  59  0.14612  0
72618  -0.91768  0.83976  55  0.14377  0
72774  -0.90539  0.85748  50  0.14217  0
72930  -0.89189  0.87399  45  0.14147  0
73086  -0.87714  0.88925  41  0.14176  0
73243  -0.86113  0.90324  36  0.14300  0
73399  -0.84388  0.91600  32  0.14507  0
73555  -0.82545  0.92756  28  0.14780  0
73711  -0.80589  0.93800  24  0.15103  0
73868  -0.78527  0.94738  21  0.15460  0
74024  -0.76364  0.95575  18  0.15836  0
74180  -0.74108  0.96318  15  0.16219  0
74336  -0.71766  0.96975  13  0.16600  0
74493  -0.69343  0.97552  11  0.16972  0
74649  -0.66848  0.98057  9  0.17327  0
74805  -0.64286  0.98494  8  0.17662  2
74961  -0.61664  0.98871  6  0.17975  2
75119  -0.58987  0.99194  5  0.18263  2
75275  -0.56261  0.99468  4  0.18527  2
75431  -0.53492  0.99698  3  0.18766  2
75587  -0.50683  0.99889  3  0.18981  2
75744  -0.47841  1.00046  2  0.19174  2
75900  -0.44967  1.00174  2  0.19347  2
76056  -0.42067  1.00276  1  0.19499  2
76212  -0.39143  1.00356  1  0.19634  2
76369  -0.36199  1.00417  0  0.19752  2
76525  -0.33236  1.00462  0  0.19854  2
76681  -0.30258  1.00495  0  0.19943  2
76837  -0.27267  1.00517  0  0.20020  0
76994  -0.24264  1.00531  0  0.20085  0
77150  -0.21251  1.00539  0  0.20141  0
77306  -0.18230  1.00541  0  0.20187  0
77462  -0.15202  1.00540  0  0.20225  0
77619  -0.12168  1.00537  0  0.20255  0
77775  -0.09130  1.00532  0  0.20278  0
77931  -0.06088  1.00526  0  0.20294  0
78087  -0.03044  1.00520  0  0.20304  0
78244  0.00001  1.00514  0  0.20308  0
78400  0.03048  1.00507  0  0.20305  0
78556  0.06093  1.00501  0  0.20296  0
78712  0.09138  1.00495  0  0.20280  0
78869  0.12180  1.00487  0  0.20256  0
79025  0.15218  1.00478  0  0.20224  0
79181  0.18252  1.00467  0  0.20183  0
79337  0.21279  1.00451  0  0.20133  0
79494  0.24299  1.00431  0  0.20072  0
79650  0.27310  1.00405  0  0.19998  0
79806  0.30309  1.00370  0  0.19912  3
79962  0.33296  1.00324  -1  0.19811  3
80119  0.36267  1.00266  -1  0.19693  3
80275  0.39220  1.00193  -1  0.19559  3
80431  0.42152  1.00101  -2  0.19405  3
80587  0.45061  0.99988  -2  0.19230  3
80744  0.47942  0.99849  -3  0.19034  3
80900  0.50792  0.99682  -4  0.18815  3
81056  0.53607  0.99482  -4  0.18571  3
81212  0.56383  0.99244  -5  0.18304  3
81369  0.59114  0.98963  -6  0.18012  3
81525  0.61796  0.98634  -8  0.17697  3
81681  0.64422  0.98252  -9  0.17359  3
81837  0.66989  0.97811  -11  0.17002  0
81994  0.69488  0.97303  -13  0.16630  0
82150  0.71914  0.96724  -15  0.16248  0
82306  0.74261  0.96066  -18  0.15864  0
82462  0.76521  0.95322  -21  0.15488  0
82619  0.78689  0.94487  -24  0.15131  0
82775  0.80758  0.93553  -27  0.14806  0
82931  0.82720  0.92513  -31  0.14530  0
83087  0.84571  0.91363  -36  0.14318  0
83244  0.86306  0.90096  -40  0.14186  0
83400  0.87918  0.88708  -45  0.14145  0
83556  0.89406  0.87195  -50  0.14204  0
83712  0.90767  0.85556  -54  0.14356  0
83869  0.92005  0.83794  -59  0.14587  0
84025  0.93126  0.81915  -63  0.14878  0
84181  0.94135  0.79924  -66  0.15215  0
84337  0.95039  0.77829  -69  0.15580  0
84494  0.95845  0.75635  -72  0.15961  0
84650  0.96560  0.73350  -75  0.16346  0
84806  0.97189  0.70980  -77  0.16726  0
84962  0.97742  0.68533  -79  0.17093  0
85119  0.98223  0.66014  -80  0.17443  0
85275  0.98639  0.63431  -82  0.17772  0
85431  0.98997  0.60789  -83  0.18077  0
85587  0.99302  0.58095  -84  0.18358  0
85744  0.99560  0.55354  -85  0.18613  0
85900  0.99776  0.52570  -86  0.18845  0
86056  0.99955  0.49749  -87  0.19053  0
86212  1.00101  0.46895  -87  0.19239  0
86369  1.00219  0.44011  -88  0.19404  0
86525  1.00312  0.41102  -88  0.19551  0
86681  1.00385  0.38170  -88  0.19680  0
86837  1.00440  0.35219  -89  0.19792  0
86994  1.00481  0.32251  -89  0.19890  0
87150  1.00509  0.29267  -89  0.19975  0
87306  1.00528  0.26271  -89  0.20047  0
87463  1.00539  0.23264  -89  0.20109  0
87619  1.00544  0.20248  -89  0.20161  0
87775  1.00545  0.17223  -90  0.20204  4
87931  1.00543  0.14193  -90  0.20240  4
88088  1.00539  0.11157  -90  0.20268  4
88244  1.00534  0.08117  -90  0.20288  4
88400  1.00528  0.05073  -90  0.20303  4
88556  1.00522  0.02028  -90  0.20311  4
88713  1.00516  -0.01019  -90  0.20313  4
88869  1.00510  -0.04066  -90  0.20308  4
89025  1.00504  -0.07112  -90  0.20297  4
89181  1.00498  -0.10156  -90  0.20278  4
89338  1.00491  -0.13198  -90  0.20252  4
89494  1.00481  -0.16236  -90  0.20218  4
89650  1.00470  -0.19269  -90  0.20175  0
89806  1.00454  -0.22295  -90  0.20122  0
89963  1.00433  -0.25313  -90  0.20057  0
90119  1.00405  -0.28321  -90  0.19980  0
90275  1.00368  -0.31318  -90  0.19889  0
90431  1.00320  -0.34301  -91  0.19783  0
90588  1.00258  -0.37268  -91  0.19661  0
90744  1.00181  -0.40216  -91  0.19520  0
90900  1.00084  -0.43143  -92  0.19360  0
91056  0.99964  -0.46044  -92  0.19179  0
91213  0.99819  -0.48917  -93  0.18975  0
91369  0.99643  -0.51758  -94  0.18748  0
91525  0.99432  -0.54562  -95  0.18496  0
91681  0.99182  -0.57326  -96  0.18220  0
91838  0.98888  -0.60043  -97  0.17920  0
91994  0.98544  -0.62709  -98  0.17595  0
92150  0.98144  -0.65317  -100  0.17250  0
92306  0.97683  -0.67863  -102  0.16886  0
92463  0.97153  -0.70340  -104  0.16507  0
92619  0.96549  -0.72742  -106  0.16122  0
92775  0.95864  -0.75061  -109  0.15737  0
92931  0.95091  -0.77291  -112  0.15363  0
93088  0.94222  -0.79425  -115  0.15013  0
93244  0.93252  -0.81458  -119  0.14701  0
93400  0.92174  -0.83381  -123  0.14444  0
93556  0.90981  -0.85190  -127  0.14258  0
93713  0.89669  -0.86879  -132  0.14159  0
93869  0.88233  -0.88444  -137  0.14157  0
94025  0.86670  -0.89881  -142  0.14253  0
94181  0.84983  -0.91194  -146  0.14435  0
94338  0.83176  -0.92387  -150  0.14689  0
94494  0.81254  -0.93466  -154  0.14997  0
94650  0.79225  -0.94436  -157  0.15343  0
94806  0.77093  -0.95304  -160  0.15714  0
94963  0.74867  -0.96077  -163  0.16095  0
95119  0.72551  -0.96761  -165  0.16478  0
95275  0.70154  -0.97363  -167  0.16852  0
95431  0.67682  -0.97891  -169  0.17212  0
95588  0.65141  -0.98349  -171  0.17554  5
95744  0.62538  -0.98746  -172  0.17873  5
95900  0.59879  -0.99086  -173  0.18170  5
96056  0.57169  -0.99375  -174  0.18441  5
96213  0.54413  -0.99619  -175  0.18688  5
96369  0.51618  -0.99823  -176  0.18911  5
96525  0.48786  -0.99992  -177  0.19111  5
96681  0.45923  -1.00129  -177  0.19290  5
96838  0.43031  -1.00239  -178  0.19449  5
96994  0.40115  -1.00327  -178  0.19589  5
97150  0.37178  -1.00394  -179  0.19712  5
97306  0.34221  -1.00445  -179  0.19820  5
97463  0.31249  -1.00482  -179  0.19914  5
97619  0.28262  -1.00508  -179  0.19994  0
97775  0.25263  -1.00525  -179  0.20063  0
97931  0.22253  -1.00534  -179  0.20122  0
98088  0.19235  -1.00539  -179  0.20171  0
98244  0.16209  -1.00539  179  0.20212  0
98400  0.13177  -1.00537  179  0.20245  0
98556  0.10141  -1.00532  179  0.20271  0
98713  0.07100  -1.00527  179  0.20289  0
98869  0.04057  -1.00522  179  0.20302  0
99025  0.01011  -1.00516  179  0.20308  0
99181  -0.02035  -1.00510  179  0.20307  0
99338  -0.05081  -1.00504  179  0.20301  0
99494  -0.08126  -1.00498  179  0.20287  0
99650  -0.11169  -1.00491  179  0.20266  0
99806  -0.14209  -1.00483  179  0.20237  0
99963  -0.17244  -1.00473  179  0.20200  0
