t  x  y  th  vel  obstacle
32    1.00000  1.00000  0  0.00000  0
183   1.00000  1.00000  -89  0.04055  0
334   1.00000  0.99392  -89  0.07578  0
485   1.00000  0.98255  -89  0.10619  0
636   1.00000  0.96662  -89  0.13225  0
787   1.00000  0.94679  -89  0.15439  0
938   1.00000  0.92363  -89  0.17304  0
1090  1.00000  0.89767  -89  0.18858  0
1241  1.00000  0.86938  -89  0.20137  0
1392  1.00000  0.83918  -89  0.21174  0
1543  1.00000  0.80742  -89  0.22000  0
1693  1.00000  0.77442  -89  0.22643  0
1844  1.00000  0.74045  -89  0.23127  0
1995  1.00000  0.70576  -89  0.23476  0
2146  1.00000  0.67055  -89  0.23709  0
2296  1.00000  0.63499  -89  0.23846  0
2447  1.00000  0.59922  -89  0.23903  0
2598  1.00000  0.56336  -89  0.23894  0
2748  1.00001  0.52752  -89  0.23833  0
2898  1.00002  0.49177  -89  0.23731  0
3048  1.00004  0.45618  -89  0.23597  0
3198  1.00006  0.42078  -89  0.23438  0
3349  1.00010  0.38562  -89  0.23264  0
3499  1.00015  0.35073  -89  0.23078  0
3651  1.00022  0.31611  -89  0.22886  0
3802  1.00030  0.28178  -89  0.22692  0
3952  1.00040  0.24774  -89  0.22499  0
4104  1.00051  0.21400  -89  0.22310  0
4255  1.00064  0.18053  -89  0.22126  0
4405  1.00079  0.14734  -89  0.21949  0
4556  1.00095  0.11442  -89  0.21780  0
4707  1.00113  0.08175  -89  0.21619  0
4858  1.00132  0.04932  -89  0.21466  0
5010  1.00152  0.01712  -89  0.21321  0
5161  1.00172  -0.01486  -89  0.21183  0
5313  1.00192  -0.04663  -89  0.21052  0
5463  1.00212  -0.07821  -89  0.20927  0
5615  1.00230  -0.10960  -89  0.20806  0
5765  1.00246  -0.14080  -89  0.20688  0
5917  1.00258  -0.17184  -89  0.20572  0
6067  1.00267  -0.20269  -89  0.20456  0
6217  1.00269  -0.23338  -90  0.20338  0
6367  1.00265  -0.26388  -90  0.20216  0
6518  1.00251  -0.29421  -90  0.20088  0
6669  1.00226  -0.32434  -90  0.19953  0
6821  1.00188  -0.35427  -91  0.19808  0
6972  1.00134  -0.38397  -91  0.19651  0
7124  1.00062  -0.41344  -91  0.19480  0
7275  0.99968  -0.44264  -92  0.19293  0
7426  0.99850  -0.47156  -92  0.19088  0
7576  0.99702  -0.50015  -93  0.18864  0
7727  0.99522  -0.52839  -94  0.18618  0
7877  0.99305  -0.55623  -95  0.18351  0
8028  0.99046  -0.58364  -96  0.18062  0
8179  0.98740  -0.61056  -97  0.17750  0
8329  0.98381  -0.63694  -99  0.17417  0
8481  0.97965  -0.66273  -100  0.17065  0
8632  0.97484  -0.68787  -102  0.16697  0
8784  0.96933  -0.71230  -104  0.16318  2
8934  0.96304  -0.73596  -107  0.15935  2
9085  0.95592  -0.75877  -110  0.15557  0
9236  0.94789  -0.78068  -113  0.15194  0
9386  0.93889  -0.80162  -120  0.15427  0
9537  0.92725  -0.82162  -124  0.15604  0
9688  0.91386  -0.84082  -128  0.15212  0
9838  0.89979  -0.85878  -131  0.14899  0
9989  0.88492  -0.87547  -135  0.14680  0
10140  0.86918  -0.89086  -139  0.14566  0
10291  0.85246  -0.90493  -144  0.14557  0
10443  0.83477  -0.91773  -148  0.14641  0
10594  0.81610  -0.92930  -152  0.14807  0
10745  0.79649  -0.93973  -155  0.15037  0
10896  0.77595  -0.94906  -158  0.15317  0
11048  0.75454  -0.95737  -161  0.15632  0
11198  0.73227  -0.96474  -164  0.15968  0
11350  0.70922  -0.97123  -166  0.16314  0
11501  0.68542  -0.97692  -168  0.16661  0
11654  0.66092  -0.98187  -170  0.17001  0
11804  0.63578  -0.98615  -171  0.17329  0
11954  0.61005  -0.98983  -173  0.17641  0
12105  0.58377  -0.99297  -174  0.17933  0
12255  0.55701  -0.99562  -175  0.18205  0
12406  0.52979  -0.99783  -176  0.18455  0
12556  0.50217  -0.99967  -176  0.18684  0
12708  0.47418  -1.00116  -177  0.18893  0
12858  0.44587  -1.00236  -178  0.19081  0
13009  0.41726  -1.00332  -178  0.19251  0
13159  0.38839  -1.00405  -178  0.19403  0
13309  0.35929  -1.00460  -179  0.19539  0
13461  0.32999  -1.00501  -179  0.19659  0
13612  0.30050  -1.00528  -179  0.19765  0
13764  0.27085  -1.00546  -179  0.19857  0
13915  0.24107  -1.00556  -179  0.19938  0
14067  0.21116  -1.00560  179  0.20008  0
14217  0.18115  -1.00559  179  0.20068  0
14367  0.15105  -1.00555  179  0.20119  0
14518  0.12087  -1.00549  179  0.20161  0
14670  0.09063  -1.00542  179  0.20195  0
14821  0.06033  -1.00534  179  0.20222  0
14972  0.03000  -1.00526  179  0.20241  0
15125  -0.00036  -1.00518  179  0.20253  0
15276  -0.03074  -1.00511  179  0.20258  0
15427  -0.06113  -1.00504  179  0.20256  0
15577  -0.09151  -1.00496  179  0.20246  0
15728  -0.12188  -1.00488  179  0.20228  0
15879  -0.15222  -1.00478  179  0.20201  0
16028  -0.18252  -1.00466  179  0.20164  0
16179  -0.21277  -1.00451  179  0.20118  0
16330  -0.24295  -1.00430  179  0.20060  0
16481  -0.27303  -1.00403  179  0.19989  0
16633  -0.30302  -1.00368  179  0.19905  0
16783  -0.33287  -1.00322  -176  0.18646  0
16934  -0.36079  -1.00495  -171  0.17260  0
17086  -0.38637  -1.00890  -165  0.16071  0
17237  -0.40970  -1.01496  -169  0.16512  0
17387  -0.43409  -1.01930  -173  0.16923  0
17538  -0.45932  -1.02208  -176  0.17278  0
17689  -0.48520  -1.02346  -179  0.17564  0
17841  -0.51155  -1.02355  177  0.17775  0
17991  -0.53819  -1.02246  175  0.17909  0
18141  -0.56496  -1.02027  173  0.17966  0
18292  -0.59172  -1.01704  171  0.17950  0
18443  -0.61831  -1.01283  168  0.17867  0
18594  -0.64461  -1.00766  166  0.17723  0
18746  -0.67048  -1.00155  164  0.17526  0
18897  -0.69581  -0.99451  162  0.17285  4
19049  -0.72048  -0.98652  159  0.17012  4
19200  -0.74437  -0.97758  156  0.16719  4
19351  -0.76740  -0.96764  153  0.16419  0
19503  -0.78946  -0.95669  150  0.16129  0
19654  -0.81046  -0.94469  146  0.15865  0
19806  -0.83033  -0.93159  142  0.15644  0
19958  -0.84900  -0.91737  138  0.15483  0
20111  -0.86641  -0.90200  134  0.15395  0
20263  -0.88251  -0.88544  129  0.15392  0
20413  -0.89727  -0.86769  125  0.15470  0
20564  -0.91075  -0.84880  121  0.15618  0
20714  -0.92297  -0.82882  117  0.15824  0
20864  -0.93401  -0.80780  114  0.16074  0
21015  -0.94393  -0.78583  111  0.16355  0
21166  -0.95279  -0.76295  108  0.16656  0
21317  -0.96067  -0.73924  105  0.16965  0
21468  -0.96764  -0.71477  103  0.17275  0
21619  -0.97376  -0.68959  101  0.17578  0
21770  -0.97911  -0.66377  99  0.17869  0
21920  -0.98376  -0.63737  98  0.18145  0
22071  -0.98777  -0.61045  97  0.18403  0
22222  -0.99121  -0.58306  95  0.18641  0
22373  -0.99412  -0.55525  94  0.18858  0
22523  -0.99658  -0.52707  94  0.19055  0
22674  -0.99862  -0.49856  93  0.19233  0
22824  -1.00031  -0.46976  92  0.19392  0
22976  -1.00168  -0.44071  92  0.19534  0
23127  -1.00277  -0.41143  91  0.19659  0
23278  -1.00364  -0.38195  91  0.19770  0
23429  -1.00430  -0.35230  90  0.19866  0
23581  -1.00480  -0.32251  90  0.19950  0
23732  -1.00516  -0.29259  90  0.20022  0
23884  -1.00541  -0.26255  90  0.20085  0
24034  -1.00557  -0.23243  90  0.20137  0
24184  -1.00566  -0.20222  90  0.20182  0
24334  -1.00570  -0.17195  89  0.20218  0
24485  -1.00569  -0.14162  89  0.20248  0
24637  -1.00566  -0.11125  89  0.20271  0
24788  -1.00561  -0.08084  89  0.20288  0
24940  -1.00556  -0.05041  89  0.20300  0
25091  -1.00549  -0.01996  89  0.20305  0
25241  -1.00543  0.01050  89  0.20305  0
25392  -1.00536  0.04095  89  0.20299  0
25543  -1.00529  0.07140  89  0.20287  0
25694  -1.00521  0.10183  89  0.20268  0
25844  -1.00512  0.13223  89  0.20241  0
25995  -1.00502  0.16260  89  0.20207  0
26145  -1.00489  0.19291  89  0.20164  0
26296  -1.00471  0.22315  89  0.20110  0
26448  -1.00449  0.25332  89  0.20046  0
26599  -1.00419  0.28338  89  0.19970  0
26749  -1.00381  0.31334  89  0.19879  0
26899  -1.00332  0.34315  88  0.19774  0
27050  -1.00269  0.37281  88  0.19652  0
27200  -1.00190  0.40227  88  0.19512  0
27351  -1.00092  0.43153  87  0.19353  0
27502  -0.99972  0.46053  87  0.19172  0
27653  -0.99825  0.48925  86  0.18969  0
27803  -0.99649  0.51765  85  0.18742  0
27954  -0.99437  0.54568  83  0.19143  0
28105  -0.99136  0.57424  82  0.19185  0
28256  -0.98760  0.60277  86  0.17341  0
28407  -0.98619  0.62874  93  0.15584  0
28558  -0.98759  0.65208  100  0.14222  0
28709  -0.99138  0.67307  107  0.13073  4
28861  -0.99719  0.69180  114  0.12189  4
29012  -1.00472  0.70846  121  0.11515  4
29163  -1.01363  0.72326  127  0.10983  4
29315  -1.02359  0.73639  132  0.10520  0
29467  -1.03423  0.74804  109  0.09280  0
29618  -1.03891  0.76115  87  0.09436  0
29769  -1.03829  0.77529  70  0.10482  0
29920  -1.03295  0.79008  57  0.11902  0
30072  -1.02342  0.80517  48  0.13399  0
30222  -1.01015  0.82027  41  0.14835  0
30373  -0.99358  0.83512  36  0.16149  0
30524  -0.97412  0.84955  32  0.17315  0
30674  -0.95217  0.86343  28  0.18328  0
30826  -0.92808  0.87667  25  0.19191  0
30978  -0.90216  0.88919  23  0.19917  0
31128  -0.87470  0.90096  20  0.20517  0
31279  -0.84595  0.91194  18  0.21005  0
31429  -0.81613  0.92213  17  0.21393  0
31580  -0.78545  0.93152  15  0.21694  0
31731  -0.75407  0.94014  13  0.21919  0
31881  -0.72214  0.94800  12  0.22078  0
32032  -0.68980  0.95513  11  0.22183  0
32183  -0.65716  0.96157  9  0.22240  0
32334  -0.62430  0.96735  8  0.22257  0
32486  -0.59132  0.97252  7  0.22243  0
32636  -0.55827  0.97711  7  0.22202  0
32787  -0.52522  0.98117  6  0.22142  0
32937  -0.49220  0.98475  5  0.22066  0
33089  -0.45925  0.98788  4  0.21979  0
33239  -0.42639  0.99060  4  0.21884  0
33389  -0.39365  0.99297  3  0.21784  0
33540  -0.36104  0.99500  3  0.21681  0
33691  -0.32857  0.99675  2  0.21577  0
33842  -0.29624  0.99825  2  0.21475  0
33994  -0.26405  0.99952  1  0.21374  0
34144  -0.23201  1.00059  1  0.21277  0
34296  -0.20010  1.00150  1  0.21183  0
34448  -0.16834  1.00226  1  0.21093  0
34597  -0.13671  1.00289  0  0.21007  0
34748  -0.10520  1.00342  0  0.20926  0
34899  -0.07381  1.00386  0  0.20849  0
35050  -0.04254  1.00423  0  0.20775  0
35201  -0.01138  1.00452  0  0.20704  0
35352  0.01967  1.00476  0  0.20636  0
35504  0.05063  1.00495  0  0.20569  0
35654  0.08148  1.00509  0  0.20503  0
35804  0.11223  1.00519  0  0.20436  0
35955  0.14289  1.00524  0  0.20368  0
36106  0.17344  1.00523  0  0.20296  0
36256  0.20388  1.00517  0  0.20221  0
36407  0.23421  1.00504  0  0.20139  0
36558  0.26442  1.00484  0  0.20050  0
36708  0.29450  1.00454  0  0.19951  0
36859  0.32442  1.00413  -1  0.19841  0
37010  0.35418  1.00360  -1  0.19719  0
37160  0.38375  1.00291  -1  0.19581  0
37312  0.41311  1.00204  -2  0.19428  0
37464  0.44223  1.00096  -4  0.19553  0
37613  0.47146  0.99857  -8  0.19288  0
37764  0.50008  0.99437  -11  0.19096  0
37915  0.52811  0.98845  -14  0.19154  0
38066  0.55593  0.98129  -16  0.19262  0
38217  0.58366  0.97315  -18  0.19348  0
38369  0.61120  0.96401  -20  0.19379  0
38521  0.63839  0.95374  -23  0.19363  0
38671  0.66506  0.94222  -26  0.19297  0
38822  0.69097  0.92933  -29  0.19259  0
38972  0.71616  0.91519  -32  0.19214  0
39123  0.74054  0.89981  -34  0.19202  0
39274  0.76417  0.88334  -32  0.17872  0
39425  0.78666  0.86876  -31  0.16718  0
39576  0.80799  0.85556  -31  0.15707  0
39728  0.82811  0.84332  -31  0.14817  0
39879  0.84701  0.83161  -33  0.14039  0
40030  0.86464  0.82009  -35  0.13374  0
40181  0.88097  0.80844  -38  0.12834  0
40331  0.89599  0.79640  -42  0.12434  0
40482  0.90969  0.78375  -47  0.12188  0
40633  0.92212  0.77034  -51  0.12093  0
40783  0.93333  0.75608  -56  0.12140  0
40934  0.94340  0.74090  -60  0.12312  0
41085  0.95239  0.72477  -64  0.12587  0
41235  0.96038  0.70767  -68  0.12943  0
41385  0.96744  0.68958  -71  0.13357  0
41537  0.97364  0.67053  -74  0.13809  0
41688  0.97906  0.65054  -77  0.14282  0
41839  0.98376  0.62964  -79  0.14762  0
41990  0.98782  0.60787  -81  0.15239  0
42140  0.99129  0.58528  -82  0.15702  0
42291  0.99423  0.56191  -84  0.16147  0
42442  0.99671  0.53781  -85  0.16569  0
42593  0.99877  0.51305  -86  0.16966  0
42744  1.00046  0.48765  -86  0.17335  0
42894  1.00183  0.46169  -87  0.17677  0
43045  1.00292  0.43519  -88  0.17992  0
43195  1.00377  0.40822  -88  0.18279  0
43346  1.00442  0.38081  -89  0.18541  0
43496  1.00490  0.35300  -89  0.18778  0
43646  1.00523  0.32484  -89  0.18992  0
43797  1.00545  0.29635  -89  0.19183  0
43948  1.00558  0.26757  -89  0.19353  0
44099  1.00564  0.23854  -89  0.19505  0
44251  1.00564  0.20929  -90  0.19638  0
44402  1.00561  0.17983  -90  0.19755  0
44554  1.00554  0.15020  -90  0.19856  0
44705  1.00546  0.12041  -90  0.19943  0
44857  1.00538  0.09050  -90  0.20017  0
45008  1.00529  0.06047  -90  0.20079  0
45159  1.00520  0.03036  -90  0.20128  0
45309  1.00512  0.00016  -90  0.20166  0
45460  1.00504  -0.03009  -90  0.20194  0
45610  1.00496  -0.06038  -90  0.20211  0
45761  1.00489  -0.09069  -90  0.20217  0
45911  1.00480  -0.12102  -90  0.20212  0
46061  1.00471  -0.15134  -90  0.20197  0
46212  1.00459  -0.18163  -90  0.20170  0
46362  1.00444  -0.21189  -90  0.20130  0
46512  1.00424  -0.24208  -90  0.20078  0
46663  1.00397  -0.27220  -90  0.20012  0
46813  1.00362  -0.30221  -90  0.19932  0
46964  1.00317  -0.33211  -91  0.19835  0
47114  1.00259  -0.36186  -91  0.19721  0
47265  1.00186  -0.39143  -91  0.19588  0
47416  1.00095  -0.42080  -92  0.19436  0
47567  0.99982  -0.44993  -92  0.19262  0
47717  0.99844  -0.47879  -93  0.19066  0
47868  0.99677  -0.50734  -94  0.18846  0
48020  0.99478  -0.53553  -94  0.18602  0
48171  0.99240  -0.56334  -95  0.18333  0
48323  0.98959  -0.59069  -96  0.18040  0
48474  0.98631  -0.61755  -98  0.17723  0
48624  0.98249  -0.64386  -99  0.17384  0
48774  0.97808  -0.66956  -101  0.17025  0
48926  0.97301  -0.69459  -103  0.16651  2
49079  0.96722  -0.71888  -105  0.16267  2
49229  0.96064  -0.74238  -108  0.15882  0
49381  0.95321  -0.76502  -111  0.15503  0
49533  0.94486  -0.78672  -114  0.15144  0
49684  0.93552  -0.80743  -117  0.14818  0
49835  0.92512  -0.82707  -121  0.14540  0
49984  0.91362  -0.84560  -126  0.14327  0
50135  0.90095  -0.86296  -130  0.14193  0
50285  0.88707  -0.87911  -135  0.14151  0
50436  0.87195  -0.89400  -140  0.14209  0
50587  0.85555  -0.90762  -144  0.14360  0
50738  0.83793  -0.92001  -149  0.14589  0
50890  0.81914  -0.93123  -153  0.14880  0
51041  0.79924  -0.94133  -156  0.15216  0
51192  0.77828  -0.95038  -159  0.15581  0
51343  0.75635  -0.95844  -162  0.15962  0
51495  0.73350  -0.96559  -165  0.16347  0
51645  0.70980  -0.97189  -167  0.16726  0
51796  0.68533  -0.97741  -169  0.17093  0
51947  0.66014  -0.98223  -170  0.17443  0
52098  0.63431  -0.98639  -172  0.17772  0
52248  0.60790  -0.98997  -173  0.18077  0
52398  0.58095  -0.99303  -174  0.18358  0
52550  0.55354  -0.99561  -175  0.18613  0
52701  0.52570  -0.99777  -176  0.18845  0
52851  0.49749  -0.99955  -177  0.19053  0
53002  0.46895  -1.00102  -177  0.19239  0
53154  0.44011  -1.00220  -178  0.19404  0
53305  0.41102  -1.00313  -178  0.19551  0
53457  0.38171  -1.00386  -178  0.19680  0
53608  0.35219  -1.00441  -179  0.19792  0
53759  0.32251  -1.00482  -179  0.19890  0
53909  0.29267  -1.00510  -179  0.19975  0
54061  0.26271  -1.00529  -179  0.20047  0
54211  0.23264  -1.00540  -179  0.20109  0
54363  0.20248  -1.00545  -179  0.20161  0
54514  0.17223  -1.00546  179  0.20205  0
54665  0.14193  -1.00544  179  0.20240  0
54817  0.11157  -1.00540  179  0.20268  0
54968  0.08117  -1.00534  179  0.20288  0
55119  0.05073  -1.00528  179  0.20303  0
55270  0.02028  -1.00522  179  0.20311  0
55421  -0.01019  -1.00516  179  0.20313  0
55572  -0.04066  -1.00510  179  0.20308  0
55722  -0.07112  -1.00505  179  0.20297  0
55874  -0.10156  -1.00498  179  0.20278  0
56025  -0.13198  -1.00491  179  0.20252  0
56176  -0.16236  -1.00482  179  0.20218  0
56327  -0.19269  -1.00470  179  0.20175  0
56479  -0.22295  -1.00454  179  0.20122  0
56630  -0.25313  -1.00433  179  0.20057  0
56780  -0.28321  -1.00405  179  0.19980  0
56931  -0.31318  -1.00368  179  0.19889  0
57083  -0.34301  -1.00320  178  0.19783  0
57234  -0.37268  -1.00258  178  0.19661  0
57386  -0.40216  -1.00181  178  0.19520  0
57536  -0.43143  -1.00084  177  0.19360  0
57688  -0.46044  -0.99964  179  0.19295  0
57840  -0.48938  -0.99942  -176  0.18384  0
57991  -0.51691  -1.00107  -172  0.17373  0
58143  -0.54273  -1.00461  -167  0.16415  0
58293  -0.56679  -1.00983  -163  0.15633  0
58444  -0.58930  -1.01641  -159  0.14866  0
58595  -0.61024  -1.02407  -156  0.14194  0
58745  -0.62979  -1.03249  -154  0.13579  0
58897  -0.64813  -1.04137  -152  0.12986  0
59048  -0.66540  -1.05037  -150  0.12558  0
59200  -0.68180  -1.05964  -149  0.12099  0
59351  -0.69742  -1.06888  -149  0.11593  0
59501  -0.71234  -1.07781  -149  0.11032  0
59652  -0.72664  -1.08613  -149  0.10577  0
59803  -0.74029  -1.09422  -149  0.10062  0
59953  -0.75335  -1.10179  -178  0.09485  0
60104  -0.76757  -1.10220  158  0.10708  0
60254  -0.78253  -1.09635  143  0.12695  0
60405  -0.79784  -1.08503  133  0.14811  0
60555  -0.81318  -1.06896  126  0.16793  0
60707  -0.82833  -1.04883  122  0.18542  0
60858  -0.84309  -1.02526  118  0.20033  0
61009  -0.85735  -0.99880  115  0.21272  0
61160  -0.87097  -0.96995  112  0.22277  0
61311  -0.88389  -0.93914  110  0.23073  0
61462  -0.89606  -0.90674  108  0.23683  0
61624  -0.90743  -0.87308  106  0.24131  0
61773  -0.91800  -0.83846  105  0.24441  0
61925  -0.92777  -0.80313  104  0.24633  0
62076  -0.93674  -0.76728  102  0.24727  0
62226  -0.94493  -0.73111  101  0.24738  0
62377  -0.95238  -0.69476  100  0.24682  0
62527  -0.95912  -0.65835  99  0.24572  0
62678  -0.96518  -0.62199  98  0.24421  0
62851  -0.97060  -0.58577  97  0.24237  0
62979  -0.97544  -0.54973  96  0.24032  0
63130  -0.97972  -0.51394  96  0.23810  0
63280  -0.98349  -0.47843  95  0.23580  0
63431  -0.98681  -0.44321  94  0.23345  0
63582  -0.98970  -0.40831  94  0.23111  0
63733  -0.99222  -0.37374  93  0.22881  0
63883  -0.99440  -0.33949  93  0.22656  0
64034  -0.99628  -0.30555  92  0.22440  0
64184  -0.99788  -0.27193  92  0.22233  0
64334  -0.99926  -0.23861  92  0.22038  0
64485  -1.00043  -0.20558  91  0.21853  0
64636  -1.00141  -0.17281  91  0.21680  0
64786  -1.00225  -0.14030  91  0.21519  0
64938  -1.00295  -0.10803  91  0.21368  0
65089  -1.00353  -0.07598  90  0.21229  0
65240  -1.00402  -0.04414  90  0.21099  0
65391  -1.00442  -0.01250  90  0.20978  0
65542  -1.00474  0.01897  90  0.20865  0
65693  -1.00500  0.05026  90  0.20759  0
65845  -1.00520  0.08140  90  0.20658  0
65996  -1.00534  0.11239  90  0.20560  0
66146  -1.00542  0.14323  90  0.20466  0
66297  -1.00544  0.17392  89  0.20371  0
66448  -1.00539  0.20448  89  0.20276  0
66599  -1.00528  0.23490  89  0.20177  0
66751  -1.00508  0.26516  89  0.20074  0
66903  -1.00478  0.29527  89  0.19963  0
67054  -1.00437  0.32521  88  0.19844  0
67206  -1.00383  0.35497  88  0.19713  0
67357  -1.00313  0.38453  88  0.19569  0
67509  -1.00225  0.41387  87  0.19411  0
67660  -1.00117  0.44297  87  0.19235  0
67812  -0.99984  0.47179  86  0.19040  0
67962  -0.99823  0.50031  86  0.18825  0
68113  -0.99630  0.52848  85  0.18588  0
68266  -0.99401  0.55627  84  0.18328  0
68417  -0.99131  0.58362  83  0.18045  0
68567  -0.98815  0.61051  82  0.17739  0
68717  -0.98447  0.63686  80  0.17411  0
68868  -0.98022  0.66263  78  0.17063  4
69020  -0.97533  0.68775  77  0.16699  4
69171  -0.96975  0.71217  74  0.16324  4
69320  -0.96340  0.73582  72  0.15943  4
69470  -0.95622  0.75863  69  0.15567  0
69621  -0.94814  0.78054  66  0.15206  0
69772  -0.93910  0.80148  63  0.14874  0
69923  -0.92902  0.82139  59  0.14584  0
70075  -0.91785  0.84020  55  0.14354  0
70226  -0.90553  0.85786  50  0.14199  0
70377  -0.89201  0.87431  45  0.14133  0
70529  -0.87725  0.88953  41  0.14166  0
70680  -0.86122  0.90348  36  0.14294  0
70832  -0.84396  0.91619  32  0.14503  0
70984  -0.82551  0.92773  28  0.14778  0
71136  -0.80594  0.93814  24  0.15102  0
71286  -0.78531  0.94749  21  0.15460  0
71438  -0.76367  0.95583  18  0.15837  0
71589  -0.74111  0.96325  15  0.16220  0
71740  -0.71767  0.96980  13  0.16602  0
71892  -0.69345  0.97556  11  0.16973  0
72042  -0.66849  0.98059  9  0.17328  0
72192  -0.64286  0.98495  8  0.17663  0
72342  -0.61664  0.98872  6  0.17976  0
72493  -0.58987  0.99194  5  0.18264  0
72644  -0.56261  0.99467  4  0.18527  0
72795  -0.53491  0.99696  3  0.18766  0
72946  -0.50683  0.99887  3  0.18982  0
73097  -0.47840  1.00044  2  0.19175  0
73248  -0.44966  1.00172  2  0.19347  0
73399  -0.42066  1.00274  1  0.19499  0
73550  -0.39142  1.00353  1  0.19634  0
73701  -0.36198  1.00415  0  0.19752  0
73852  -0.33235  1.00460  0  0.19854  0
74002  -0.30258  1.00493  0  0.19943  0
74153  -0.27266  1.00515  0  0.20020  0
74305  -0.24263  1.00529  0  0.20085  0
74456  -0.21250  1.00537  0  0.20140  0
74607  -0.18229  1.00539  0  0.20187  0
74758  -0.15201  1.00538  0  0.20224  0
74910  -0.12168  1.00535  0  0.20255  0
75061  -0.09130  1.00530  0  0.20278  0
75212  -0.06088  1.00524  0  0.20294  0
75363  -0.03044  1.00518  0  0.20304  0
75514  0.00002  1.00512  0  0.20308  0
75665  0.03048  1.00506  0  0.20305  0
75815  0.06094  1.00500  0  0.20296  0
75968  0.09138  1.00494  0  0.20279  0
76118  0.12180  1.00486  0  0.20256  0
76268  0.15218  1.00477  0  0.20224  0
76419  0.18252  1.00466  0  0.20183  0
76570  0.21279  1.00451  0  0.20133  0
76720  0.24299  1.00431  0  0.20072  0
76872  0.27310  1.00404  0  0.19998  0
77023  0.30309  1.00369  0  0.19912  0
77174  0.33296  1.00324  -1  0.19811  0
77325  0.36267  1.00266  -1  0.19693  0
77475  0.39220  1.00192  -1  0.19559  0
77626  0.42152  1.00101  -2  0.19405  0
77777  0.45061  0.99988  -2  0.19230  0
77927  0.47942  0.99849  -3  0.19034  0
78078  0.50792  0.99682  -4  0.18815  0
78229  0.53607  0.99482  -4  0.18571  0
78379  0.56383  0.99244  -5  0.18304  0
78531  0.59114  0.98963  -6  0.18012  0
78683  0.61796  0.98634  -13  0.16744  0
78834  0.64243  0.98068  -20  0.15782  0
78986  0.66457  0.97231  -28  0.15227  2
79137  0.68468  0.96148  -35  0.14966  2
79288  0.70295  0.94844  -42  0.14932  0
79438  0.71959  0.93345  -38  0.14832  0
79590  0.73698  0.91957  -36  0.14761  0
79741  0.75483  0.90646  -35  0.14684  0
79893  0.77286  0.89381  -34  0.14587  0
80044  0.79083  0.88133  -35  0.14467  0
80194  0.80851  0.86875  -36  0.14334  0
80345  0.82572  0.85585  -39  0.14205  0
80496  0.84227  0.84243  -41  0.14099  0
80647  0.85802  0.82832  -45  0.14038  0
80798  0.87285  0.81338  -48  0.14037  0
80949  0.88673  0.79754  -52  0.14102  0
81099  0.89963  0.78078  -56  0.14231  0
81250  0.91155  0.76307  -59  0.14420  0
81402  0.92251  0.74442  -62  0.14661  0
81552  0.93252  0.72485  -66  0.14944  0
81703  0.94163  0.70436  -68  0.15258  0
81853  0.94986  0.68301  -71  0.15594  0
82003  0.95727  0.66082  -73  0.15942  0
82154  0.96391  0.63785  -76  0.16294  0
82305  0.96982  0.61413  -77  0.16642  0
82456  0.97505  0.58972  -79  0.16981  0
82606  0.97966  0.56467  -81  0.17307  0
82758  0.98370  0.53903  -82  0.17616  0
82909  0.98721  0.51284  -83  0.17907  0
83059  0.99026  0.48615  -84  0.18178  0
83210  0.99287  0.45901  -85  0.18430  0
83360  0.99510  0.43146  -86  0.18661  0
83512  0.99699  0.40353  -86  0.18872  0
83663  0.99859  0.37527  -87  0.19064  0
83814  0.99992  0.34670  -87  0.19238  0
83966  1.00102  0.31786  -88  0.19394  0
84117  1.00192  0.28879  -88  0.19533  0
84270  1.00266  0.25950  -88  0.19657  0
84421  1.00326  0.23002  -89  0.19766  0
84572  1.00373  0.20037  -89  0.19862  0
84722  1.00411  0.17058  -89  0.19945  0
84872  1.00441  0.14066  -89  0.20017  0
85022  1.00464  0.11064  -89  0.20077  0
85173  1.00482  0.08052  -89  0.20128  0
85323  1.00496  0.05033  -89  0.20168  0
85476  1.00507  0.02008  -89  0.20200  0
85626  1.00514  -0.01022  -89  0.20222  0
85777  1.00520  -0.04055  -89  0.20235  0
85928  1.00522  -0.07091  -89  0.20240  0
86080  1.00523  -0.10126  -90  0.20235  0
86232  1.00521  -0.13162  -90  0.20220  0
86381  1.00516  -0.16195  -90  0.20196  0
86533  1.00507  -0.19224  -90  0.20161  0
86683  1.00492  -0.22248  -90  0.20115  0
86833  1.00472  -0.25265  -90  0.20056  0
86983  1.00444  -0.28274  -90  0.19984  0
87133  1.00407  -0.31271  -90  0.19897  0
87283  1.00358  -0.34255  -91  0.19794  0
87433  1.00295  -0.37224  -91  0.19674  0
87583  1.00215  -0.40174  -91  0.19535  0
87733  1.00117  -0.43102  -92  0.19376  0
87884  0.99995  -0.46006  -92  0.19196  0
88034  0.99848  -0.48882  -93  0.18993  0
88186  0.99670  -0.51725  -94  0.18766  0
88336  0.99457  -0.54532  -95  0.18514  0
88488  0.99205  -0.57298  -96  0.18238  0
88638  0.98909  -0.60017  -97  0.17937  0
88788  0.98563  -0.62685  -98  0.17612  0
88939  0.98161  -0.65296  -99  0.17654  2
89090  0.97721  -0.67908  -104  0.17456  2
89241  0.97047  -0.70438  -110  0.17319  2
89392  0.96148  -0.72875  -115  0.17212  0
89543  0.95053  -0.75213  -119  0.17203  0
89694  0.93775  -0.77455  -120  0.16563  0
89845  0.92516  -0.79597  -121  0.15971  0
89997  0.91253  -0.81633  -123  0.15434  0
90148  0.89965  -0.83557  -126  0.14960  0
90299  0.88634  -0.85363  -129  0.14564  0
90450  0.87244  -0.87048  -133  0.14262  0
90600  0.85778  -0.88607  -137  0.14069  0
90751  0.84226  -0.90037  -141  0.13988  0
90902  0.82583  -0.91342  -145  0.14013  0
91054  0.80847  -0.92526  -149  0.14135  0
91206  0.79016  -0.93596  -153  0.14337  0
91356  0.77092  -0.94557  -156  0.14603  0
91507  0.75077  -0.95415  -160  0.14917  0
91658  0.72974  -0.96179  -162  0.15264  0
91809  0.70786  -0.96854  -165  0.15631  0
91960  0.68518  -0.97448  -167  0.16005  0
92111  0.66174  -0.97967  -169  0.16378  0
92262  0.63759  -0.98418  -171  0.16742  0
92413  0.61278  -0.98808  -172  0.17092  0
92563  0.58736  -0.99141  -173  0.17425  0
92713  0.56138  -0.99424  -174  0.17737  0
92864  0.53488  -0.99662  -175  0.18027  0
93015  0.50791  -0.99861  -176  0.18294  0
93166  0.48052  -1.00024  -177  0.18540  0
93317  0.45274  -1.00157  -177  0.18764  0
93468  0.42462  -1.00264  -178  0.18967  0
93618  0.39618  -1.00347  -178  0.19150  0
93769  0.36746  -1.00412  -179  0.19314  0
93920  0.33849  -1.00460  -179  0.19461  0
94071  0.30930  -1.00494  -179  0.19591  0
94222  0.27992  -1.00518  -179  0.19707  0
94373  0.25036  -1.00533  -179  0.19808  0
94524  0.22064  -1.00541  -179  0.19897  0
94676  0.19080  -1.00543  179  0.19973  0
94827  0.16084  -1.00542  179  0.20039  0
94978  0.13078  -1.00539  179  0.20095  0
95130  0.10064  -1.00534  179  0.20141  0
95281  0.07043  -1.00528  179  0.20179  0
95431  0.04016  -1.00522  179  0.20208  0
95582  0.00985  -1.00515  179  0.20229  0
95733  -0.02050  -1.00509  179  0.20242  0
95884  -0.05086  -1.00503  179  0.20247  0
96034  -0.08123  -1.00497  179  0.20244  0
96185  -0.11160  -1.00490  179  0.20232  0
96339  -0.14194  -1.00482  179  0.20211  0
96489  -0.17226  -1.00471  179  0.20180  0
96640  -0.20253  -1.00458  179  0.20139  0
96791  -0.23274  -1.00440  179  0.20087  0
96942  -0.26287  -1.00416  179  0.20022  0
97093  -0.29290  -1.00385  179  0.19944  0
97244  -0.32281  -1.00344  -178  0.19870  0
97395  -0.35261  -1.00420  -173  0.18524  0
97549  -0.38022  -1.00732  -168  0.17434  0
97700  -0.40585  -1.01250  -163  0.16479  0
97850  -0.42957  -1.01945  -158  0.15745  0
98002  -0.45161  -1.02795  -165  0.16029  0
98152  -0.47490  -1.03393  -171  0.16382  0
98303  -0.49918  -1.03765  -176  0.16741  0
98454  -0.52424  -1.03936  179  0.17064  0
98604  -0.54983  -1.03926  176  0.17328  0
98755  -0.57577  -1.03752  172  0.17520  0
98906  -0.60185  -1.03429  169  0.17635  0
99056  -0.62790  -1.02969  167  0.17674  0
99207  -0.65375  -1.02381  164  0.17642  4
99361  -0.67925  -1.01673  161  0.17547  4
99512  -0.70424  -1.00849  158  0.17399  0
99663  -0.72860  -0.99912  156  0.17210  0
99814  -0.75220  -0.98865  153  0.16996  0
99964  -0.77492  -0.97708  149  0.16771  0
