t  x  y  th  vel  obstacle
39    -1.00000  -1.00000  0  0.00000  0
190   -1.00000  -1.00000  89  0.04055  0
341   -1.00000  -0.99392  89  0.07578  0
491   -1.00000  -0.98255  89  0.10619  0
641   -1.00000  -0.96662  89  0.13225  0
792   -1.00000  -0.94679  89  0.15439  0
943   -1.00000  -0.92363  89  0.17304  0
1095  -1.00000  -0.89767  89  0.18858  0
1246  -1.00000  -0.86938  89  0.20137  0
1397  -1.00000  -0.83918  89  0.21174  0
1547  -1.00000  -0.80742  89  0.22000  0
1698  -1.00000  -0.77442  89  0.22643  0
1848  -1.00000  -0.74045  89  0.23127  0
1999  -1.00000  -0.70576  89  0.23476  0
2149  -1.00000  -0.67055  89  0.23709  0
2300  -1.00000  -0.63499  90  0.23846  0
2451  -1.00000  -0.59922  90  0.23903  0
2602  -1.00000  -0.56336  90  0.23894  0
2753  -1.00001  -0.52752  90  0.23833  0
2904  -1.00002  -0.49177  90  0.23731  0
3055  -1.00004  -0.45618  90  0.23597  0
3206  -1.00006  -0.42078  90  0.23438  0
3356  -1.00010  -0.38562  90  0.23264  0
3506  -1.00015  -0.35073  90  0.23078  0
3658  -1.00022  -0.31611  90  0.22886  0
3808  -1.00030  -0.28178  90  0.22692  0
3958  -1.00040  -0.24774  90  0.22499  0
4110  -1.00051  -0.21400  90  0.22310  0
4260  -1.00064  -0.18053  90  0.22126  0
4411  -1.00079  -0.14734  90  0.21949  0
4562  -1.00095  -0.11442  90  0.21780  0
4713  -1.00113  -0.08175  90  0.21619  0
4864  -1.00132  -0.04932  90  0.21466  0
5014  -1.00152  -0.01712  90  0.21321  0
5165  -1.00172  0.01486  90  0.21183  0
5316  -1.00192  0.04663  90  0.21052  0
5466  -1.00212  0.07821  90  0.20927  0
5617  -1.00230  0.10960  90  0.20806  0
5767  -1.00246  0.14080  90  0.20688  0
5917  -1.00258  0.17184  90  0.20572  0
6068  -1.00267  0.20269  90  0.20456  0
6220  -1.00269  0.23338  89  0.20338  0
6371  -1.00265  0.26388  89  0.20216  0
6522  -1.00251  0.29421  89  0.20088  0
6673  -1.00226  0.32434  89  0.19953  0
6824  -1.00188  0.35427  88  0.19808  0
6976  -1.00134  0.38397  88  0.19651  0
7127  -1.00062  0.41344  88  0.20648  0
7278  -0.99961  0.44440  81  0.18771  0
7430  -0.99558  0.47226  74  0.17313  0
7581  -0.98884  0.49734  67  0.16252  0
7732  -0.97969  0.51994  61  0.15543  0
7883  -0.96841  0.54034  55  0.15062  0
8034  -0.95546  0.55885  49  0.14780  0
8185  -0.94111  0.57575  45  0.14630  0
8335  -0.92563  0.59131  41  0.14435  0
8485  -0.90952  0.60578  39  0.14271  0
8636  -0.89300  0.61939  38  0.13982  0
8787  -0.87652  0.63236  37  0.13695  0
8939  -0.86022  0.64487  37  0.13269  0
9089  -0.84450  0.65707  38  0.12862  0
9240  -0.82941  0.66909  40  0.12339  0
9391  -0.81527  0.68104  42  0.11751  0
9542  -0.80229  0.69297  45  0.11246  0
9692  -0.79039  0.70492  48  0.10704  0
9842  -0.77972  0.71692  51  0.10271  0
9993  -0.77009  0.72894  54  0.09811  0
10144  -0.76161  0.74097  58  0.09356  0
10294  -0.75431  0.75296  61  0.09025  0
10446  -0.74790  0.76488  65  0.08684  0
10596  -0.74245  0.77671  53  0.09756  0
10747  -0.73368  0.78843  44  0.10976  0
10899  -0.72195  0.79998  38  0.12193  0
11051  -0.70761  0.81134  33  0.13335  0
11202  -0.69100  0.82248  30  0.14369  0
11355  -0.67239  0.83335  27  0.15283  0
11508  -0.65205  0.84393  25  0.16078  0
11659  -0.63023  0.85419  23  0.16760  0
11809  -0.60713  0.86411  21  0.17338  0
11959  -0.58293  0.87365  20  0.17821  0
12110  -0.55782  0.88280  18  0.18222  0
12261  -0.53192  0.89155  17  0.18550  0
12412  -0.50538  0.89989  16  0.18815  0
12563  -0.47829  0.90780  15  0.19028  0
12716  -0.45074  0.91530  14  0.19197  0
12867  -0.42283  0.92237  13  0.19330  0
13020  -0.39461  0.92903  12  0.19434  0
13169  -0.36614  0.93528  11  0.19514  0
13320  -0.33746  0.94113  10  0.19575  0
13470  -0.30861  0.94660  9  0.19621  0
13621  -0.27962  0.95170  9  0.19657  0
13771  -0.25052  0.95644  8  0.19684  0
13921  -0.22133  0.96084  7  0.19705  0
14072  -0.19205  0.96492  7  0.19721  0
14223  -0.16271  0.96869  6  0.19735  0
14373  -0.13331  0.97218  6  0.19746  0
14523  -0.10387  0.97539  5  0.19756  0
14674  -0.07439  0.97835  5  0.19764  0
14825  -0.04486  0.98107  4  0.19771  0
14975  -0.01531  0.98356  4  0.19776  0
15126  0.01426  0.98584  4  0.19780  0
15278  0.04386  0.98792  3  0.19781  0
15429  0.07347  0.98980  3  0.19780  0
15581  0.10309  0.99151  2  0.19774  0
15732  0.13272  0.99303  2  0.19763  0
15884  0.16233  0.99439  2  0.19747  0
16035  0.19193  0.99558  1  0.19723  0
16186  0.22149  0.99659  1  0.19691  0
16337  0.25102  0.99744  1  0.19649  0
16489  0.28049  0.99810  0  0.19596  0
16640  0.30988  0.99858  0  0.19530  0
16792  0.33917  0.99886  0  0.19449  0
16942  0.36834  0.99893  -4  0.18628  0
17094  0.39619  0.99663  -11  0.17599  0
17245  0.42210  0.99157  -17  0.16876  0
17396  0.44627  0.98406  -23  0.16411  0
17546  0.46892  0.97441  -28  0.16141  0
17698  0.49023  0.96292  -32  0.16007  0
17848  0.51041  0.94991  -36  0.15954  0
18000  0.52964  0.93566  -39  0.15872  0
18150  0.54809  0.92062  -41  0.15791  0
18300  0.56592  0.90503  -42  0.15621  0
18450  0.58328  0.88929  -42  0.15425  0
18600  0.60029  0.87360  -42  0.15206  0
18750  0.61705  0.85813  -41  0.14874  0
18901  0.63365  0.84322  -40  0.14538  0
19051  0.65014  0.82895  -39  0.14111  0
19203  0.66656  0.81560  -37  0.13707  0
19354  0.68292  0.80314  -34  0.13237  0
19504  0.69921  0.79179  -32  0.12814  0
19656  0.71540  0.78144  -29  0.12340  0
19806  0.73146  0.77223  -27  0.11921  0
19957  0.74730  0.76394  -25  0.11549  0
20108  0.76288  0.75635  -23  0.11093  0
20258  0.77810  0.74963  -31  0.11557  0
20409  0.79289  0.74059  -37  0.12091  0
20561  0.80720  0.72945  -43  0.12649  0
20712  0.82101  0.71644  -47  0.13199  0
20863  0.83428  0.70175  -51  0.13726  0
21015  0.84699  0.68554  -55  0.14217  0
21166  0.85910  0.66799  -58  0.14670  0
21317  0.87061  0.64924  -61  0.15084  0
21468  0.88152  0.62942  -63  0.15460  0
21618  0.89180  0.60863  -65  0.15800  0
21769  0.90148  0.58700  -67  0.16109  0
21919  0.91054  0.56460  -69  0.16389  0
22070  0.91901  0.54152  -71  0.16643  0
22220  0.92689  0.51783  -73  0.16875  0
22371  0.93420  0.49360  -74  0.17088  0
22522  0.94096  0.46887  -76  0.17285  0
22673  0.94719  0.44371  -77  0.17468  0
22825  0.95292  0.41814  -78  0.17639  0
22975  0.95818  0.39221  -79  0.17800  0
23127  0.96298  0.36594  -80  0.17953  0
23277  0.96736  0.33937  -81  0.18097  0
23427  0.97135  0.31252  -82  0.18235  0
23577  0.97497  0.28541  -83  0.18366  0
23728  0.97825  0.25805  -83  0.18491  0
23879  0.98122  0.23048  -84  0.18610  0
24031  0.98390  0.20269  -85  0.18723  0
24182  0.98632  0.17471  -85  0.18831  0
24332  0.98851  0.14655  -86  0.18933  0
24484  0.99047  0.11822  -86  0.19029  0
24634  0.99224  0.08973  -86  0.19119  0
24785  0.99382  0.06110  -87  0.19202  0
24935  0.99525  0.03233  -87  0.19280  0
25087  0.99652  0.00344  -87  0.19350  0
25236  0.99766  -0.02557  -88  0.19413  0
25387  0.99867  -0.05467  -88  0.19468  0
25537  0.99957  -0.08386  -88  0.19515  0
25689  1.00035  -0.11312  -88  0.19553  0
25841  1.00102  -0.14244  -88  0.19581  0
25992  1.00159  -0.17180  -89  0.19598  0
26143  1.00204  -0.20120  -89  0.19604  0
26297  1.00239  -0.23060  -89  0.19597  0
26446  1.00261  -0.26000  -89  0.19576  0
26596  1.00270  -0.28936  -90  0.19540  0
26747  1.00265  -0.31867  -90  0.19488  0
26897  1.00244  -0.34790  -90  0.19419  0
27047  1.00206  -0.37703  -91  0.19529  0
27197  1.00113  -0.40631  -98  0.17891  0
27348  0.99723  -0.43286  -105  0.16653  0
27499  0.99063  -0.45695  -112  0.15785  0
27650  0.98164  -0.47885  -118  0.15195  0
27802  0.97068  -0.49883  -124  0.14842  0
27953  0.95804  -0.51716  -129  0.14655  0
28103  0.94402  -0.53409  -133  0.14503  0
28254  0.92904  -0.54987  -136  0.14396  0
28404  0.91337  -0.56473  -138  0.14222  0
28555  0.89741  -0.57888  -139  0.14038  0
28705  0.88136  -0.59252  -139  0.13753  0
28856  0.86559  -0.60581  -139  0.13455  0
29006  0.85023  -0.61891  -138  0.13065  0
29156  0.83559  -0.63194  -136  0.12688  0
29308  0.82173  -0.64498  -134  0.12248  0
29458  0.80886  -0.65809  -131  0.11855  0
29608  0.79698  -0.67132  -128  0.11428  0
29760  0.78623  -0.68468  -125  0.11073  0
29910  0.77651  -0.69814  -122  0.10694  0
30062  0.76790  -0.71168  -118  0.10316  0
30213  0.76044  -0.72523  -115  0.10011  0
30365  0.75388  -0.73874  -112  0.09696  0
30516  0.74827  -0.75216  -110  0.09451  0
30666  0.74333  -0.76545  -122  0.10340  0
30817  0.73505  -0.77856  -131  0.11409  0
30968  0.72379  -0.79145  -137  0.12507  0
31119  0.70991  -0.80407  -142  0.13555  0
31270  0.69373  -0.81638  -146  0.14515  0
31420  0.67554  -0.82835  -149  0.15369  0
31572  0.65561  -0.83994  -152  0.16116  0
31723  0.63417  -0.85111  -154  0.16759  0
31874  0.61145  -0.86185  -156  0.17304  0
32025  0.58761  -0.87214  -158  0.17762  0
32176  0.56284  -0.88195  -159  0.18141  0
32327  0.53728  -0.89128  -161  0.18452  0
32480  0.51105  -0.90012  -162  0.18705  0
32630  0.48426  -0.90846  -163  0.18908  0
32781  0.45701  -0.91632  -165  0.19071  0
32931  0.42937  -0.92370  -166  0.19199  0
33082  0.40142  -0.93061  -167  0.19300  0
33233  0.37319  -0.93705  -168  0.19380  0
33383  0.34475  -0.94306  -168  0.19442  0
33533  0.31612  -0.94863  -169  0.19492  0
33683  0.28735  -0.95380  -170  0.19531  0
33834  0.25844  -0.95858  -171  0.19562  0
33984  0.22943  -0.96300  -172  0.19589  0
34135  0.20033  -0.96707  -172  0.19611  0
34286  0.17116  -0.97081  -173  0.19631  0
34437  0.14191  -0.97425  -173  0.19649  0
34587  0.11261  -0.97740  -174  0.19665  0
34737  0.08325  -0.98028  -174  0.19680  0
34888  0.05385  -0.98292  -175  0.19694  0
35039  0.02441  -0.98533  -175  0.19707  0
35189  -0.00507  -0.98752  -176  0.19717  0
35340  -0.03458  -0.98950  -176  0.19726  0
35490  -0.06412  -0.99130  -176  0.19731  0
35640  -0.09367  -0.99292  -177  0.19732  0
35791  -0.12323  -0.99436  -177  0.19729  0
35941  -0.15280  -0.99564  -177  0.19719  0
36092  -0.18235  -0.99675  -178  0.19703  0
36242  -0.21189  -0.99770  -178  0.19678  0
36393  -0.24140  -0.99849  -178  0.19643  0
36543  -0.27086  -0.99911  -179  0.19597  0
36694  -0.30025  -0.99955  -179  0.20684  0
36844  -0.33127  -1.00007  -174  0.19430  0
36996  -0.36029  -1.00282  -168  0.17731  0
37147  -0.38634  -1.00815  -161  0.16470  0
37299  -0.40982  -1.01586  -155  0.15534  0
37449  -0.43097  -1.02562  -148  0.14869  0
37600  -0.45008  -1.03713  -143  0.14408  0
37751  -0.46740  -1.05005  -138  0.14077  0
37902  -0.48320  -1.06406  -134  0.13810  0
38053  -0.49773  -1.07882  -131  0.13547  0
38204  -0.51125  -1.09399  -129  0.13247  0
38355  -0.52399  -1.10924  -129  0.12880  0
38505  -0.53617  -1.12424  -129  0.12433  0
38656  -0.54799  -1.13867  -130  0.11905  0
38807  -0.55963  -1.15221  -133  0.11310  0
38958  -0.57124  -1.16458  -137  0.10673  0
39110  -0.58297  -1.17548  -142  0.10038  0
39261  -0.59491  -1.18465  -149  0.09463  0
39411  -0.60714  -1.19186  -158  0.09020  0
39561  -0.61970  -1.19689  -168  0.08791  0
39712  -0.63261  -1.19954  -179  0.08842  0
39862  -0.64588  -1.19966  169  0.09211  0
40014  -0.65946  -1.19712  158  0.09886  0
40164  -0.67330  -1.19180  149  0.10823  0
40315  -0.68733  -1.18364  142  0.11961  0
40465  -0.70148  -1.17261  135  0.13238  0
40616  -0.71569  -1.15873  130  0.14591  0
40768  -0.72989  -1.14208  126  0.15970  0
40919  -0.74402  -1.12274  122  0.17335  0
41069  -0.75803  -1.10083  119  0.18656  0
41219  -0.77185  -1.07650  117  0.19910  0
41370  -0.78543  -1.04990  114  0.21080  0
41521  -0.79871  -1.02121  112  0.22155  0
41673  -0.81165  -0.99059  111  0.23127  0
41824  -0.82420  -0.95825  109  0.23992  0
41976  -0.83632  -0.92437  108  0.24748  0
42126  -0.84799  -0.88913  107  0.25319  0
42277  -0.85918  -0.85284  107  0.23502  0
42428  -0.86987  -0.81924  106  0.24409  0
42579  -0.88004  -0.78407  104  0.25170  0
42730  -0.88969  -0.74757  103  0.25794  0
42882  -0.89881  -0.70997  102  0.26291  0
43032  -0.90740  -0.67148  101  0.26671  0
43183  -0.91548  -0.63230  100  0.26945  0
43335  -0.92305  -0.59260  100  0.27124  0
43486  -0.93013  -0.55253  99  0.27219  0
43638  -0.93672  -0.51224  98  0.27239  0
43789  -0.94285  -0.47184  98  0.27195  0
43939  -0.94855  -0.43145  97  0.27095  0
44090  -0.95382  -0.39115  96  0.26949  0
44240  -0.95869  -0.35102  96  0.26764  0
44391  -0.96318  -0.31113  95  0.26547  0
44542  -0.96732  -0.27152  95  0.26305  0
44693  -0.97112  -0.23225  95  0.26042  0
44843  -0.97460  -0.19334  94  0.25765  0
44994  -0.97779  -0.15483  94  0.25478  0
45144  -0.98071  -0.11672  94  0.25183  0
45294  -0.98337  -0.07904  93  0.24884  0
45444  -0.98578  -0.04179  93  0.24584  0
45595  -0.98797  -0.00498  93  0.24284  0
45745  -0.98993  0.03139  92  0.23986  0
45896  -0.99169  0.06733  92  0.23690  0
46046  -0.99325  0.10283  92  0.23397  0
46196  -0.99462  0.13790  91  0.23106  0
46347  -0.99579  0.17254  91  0.22819  0
46498  -0.99676  0.20675  91  0.22533  0
46648  -0.99755  0.24054  90  0.22248  0
46799  -0.99812  0.27391  91  0.23109  0
46950  -0.99874  0.30856  90  0.23178  0
47101  -0.99921  0.34333  86  0.21961  0
47250  -0.99709  0.37620  81  0.20984  0
47400  -0.99271  0.40737  77  0.20212  0
47551  -0.98636  0.43702  74  0.19607  0
47701  -0.97835  0.46532  70  0.19129  0
47853  -0.96895  0.49243  68  0.18744  0
48003  -0.95843  0.51850  65  0.18421  0
48154  -0.94704  0.54367  63  0.18135  0
48306  -0.93500  0.56807  62  0.17869  0
48457  -0.92250  0.59178  61  0.17610  0
48608  -0.90971  0.61489  60  0.17349  0
48758  -0.89676  0.63746  59  0.17082  0
48910  -0.88375  0.65953  58  0.16806  4
49060  -0.87075  0.68113  58  0.16520  4
49213  -0.85779  0.70226  58  0.16223  0
49363  -0.84490  0.72290  57  0.15916  0
49514  -0.83205  0.74301  56  0.15601  0
49665  -0.81920  0.76257  55  0.15282  0
49815  -0.80628  0.78151  54  0.14962  0
49965  -0.79323  0.79976  53  0.14437  0
50115  -0.78048  0.81727  51  0.14174  0
50265  -0.76731  0.83396  49  0.13938  0
50415  -0.75363  0.84977  46  0.13741  0
50565  -0.73936  0.86464  43  0.13596  0
50717  -0.72446  0.87857  39  0.13507  0
50868  -0.70890  0.89155  36  0.13477  0
51020  -0.69267  0.90360  33  0.13505  0
51170  -0.67575  0.91474  30  0.13588  0
51322  -0.65813  0.92499  27  0.13723  0
51472  -0.63981  0.93437  24  0.13902  0
51623  -0.62080  0.94294  21  0.14120  0
51773  -0.60110  0.95072  19  0.14369  0
51924  -0.58073  0.95776  16  0.14641  0
52076  -0.55970  0.96409  14  0.14930  0
52227  -0.53804  0.96977  12  0.15230  0
52378  -0.51576  0.97483  11  0.15535  0
52529  -0.49289  0.97932  9  0.15841  0
52680  -0.46947  0.98329  8  0.16143  0
52831  -0.44550  0.98677  7  0.16440  0
52983  -0.42103  0.98981  6  0.16729  0
53133  -0.39608  0.99246  5  0.17007  0
53284  -0.37067  0.99474  4  0.17274  0
53434  -0.34483  0.99671  3  0.17528  0
53584  -0.31860  0.99838  3  0.17768  0
53734  -0.29198  0.99981  2  0.17995  0
53885  -0.26502  1.00101  2  0.18207  0
54035  -0.23772  1.00201  1  0.18406  0
54186  -0.21013  1.00285  1  0.18590  0
54336  -0.18225  1.00355  1  0.18760  0
54487  -0.15412  1.00412  0  0.18917  0
54638  -0.12575  1.00459  0  0.19061  0
54788  -0.09716  1.00497  0  0.19191  0
54938  -0.06837  1.00527  0  0.19309  0
55090  -0.03941  1.00552  0  0.19415  0
55241  -0.01029  1.00571  0  0.19508  0
55392  0.01897  1.00586  0  0.19588  0
55543  0.04836  1.00597  0  0.19657  0
55694  0.07784  1.00604  0  0.19714  0
55844  0.10741  1.00608  0  0.19758  0
55994  0.13705  1.00608  0  0.19789  0
56145  0.16673  1.00603  0  0.19807  0
56295  0.19644  1.00594  0  0.19811  0
56445  0.22616  1.00580  0  0.19801  0
56596  0.25586  1.00558  0  0.19776  0
56746  0.28552  1.00528  0  0.19734  0
56897  0.31512  1.00488  -1  0.19676  0
57048  0.34463  1.00437  -1  0.19598  0
57199  0.37402  1.00371  -1  0.19501  0
57351  0.40326  1.00289  -4  0.19260  0
57502  0.43206  1.00060  -11  0.17673  0
57653  0.45808  0.99550  -18  0.16444  0
57804  0.48152  0.98784  -25  0.15520  0
57955  0.50260  0.97795  -31  0.14885  0
58105  0.52154  0.96613  -38  0.14484  0
58256  0.53856  0.95263  -44  0.14253  0
58408  0.55391  0.93775  -48  0.14067  0
58559  0.56779  0.92186  -52  0.13924  0
58709  0.58043  0.90523  -55  0.13719  0
58860  0.59203  0.88823  -57  0.13482  0
59010  0.60280  0.87111  -59  0.13136  0
59161  0.61292  0.85421  -59  0.12691  0
59311  0.62256  0.83779  -59  0.12195  0
59462  0.63188  0.82205  -58  0.11617  0
59613  0.64101  0.80721  -56  0.10991  0
59764  0.65007  0.79344  -54  0.10365  0
59915  0.65916  0.78082  -51  0.09739  0
60065  0.66834  0.76946  -47  0.09146  0
60215  0.67768  0.75941  -42  0.08614  0
60365  0.68720  0.75067  -37  0.08167  0
60515  0.69690  0.74320  -32  0.07810  0
60665  0.70682  0.73696  -26  0.07549  0
60816  0.71696  0.73191  -21  0.07393  0
60966  0.72730  0.72792  -16  0.07307  0
61117  0.73784  0.72489  -11  0.07275  0
61267  0.74854  0.72275  -33  0.08627  0
61418  0.75937  0.71567  -46  0.10531  0
61570  0.77030  0.70427  -54  0.12484  0
61722  0.78128  0.68910  -59  0.14291  0
61872  0.79226  0.67069  -62  0.15887  0
62024  0.80319  0.64951  -65  0.17253  0
62175  0.81404  0.62602  -67  0.18395  0
62326  0.82474  0.60058  -68  0.19328  0
62477  0.83526  0.57357  -70  0.20071  0
62628  0.84556  0.54528  -71  0.20646  0
62779  0.85558  0.51598  -72  0.21074  0
62930  0.86532  0.48590  -72  0.21377  0
63081  0.87472  0.45525  -73  0.21573  0
63231  0.88378  0.42418  -74  0.21682  0
63382  0.89247  0.39284  -75  0.21719  0
63532  0.90077  0.36134  -75  0.21700  0
63683  0.90869  0.32976  -76  0.21637  0
63833  0.91620  0.29819  -77  0.21540  0
63985  0.92332  0.26667  -77  0.21421  0
64136  0.93003  0.23525  -78  0.21286  0
64286  0.93636  0.20396  -79  0.21142  0
64436  0.94229  0.17280  -79  0.20996  0
64586  0.94785  0.14180  -80  0.20849  0
64736  0.95304  0.11096  -81  0.20707  0
64887  0.95788  0.08028  -81  0.20572  0
65037  0.96237  0.04975  -82  0.20444  0
65188  0.96654  0.01937  -82  0.20324  0
65339  0.97038  -0.01087  -83  0.20214  0
65489  0.97393  -0.04098  -83  0.20112  0
65639  0.97718  -0.07098  -84  0.20017  0
65791  0.98016  -0.10085  -84  0.19930  0
65941  0.98286  -0.13063  -85  0.19848  0
66092  0.98531  -0.16030  -85  0.19771  0
66243  0.98750  -0.18987  -86  0.19695  0
66394  0.98944  -0.21935  -86  0.20416  0
66545  0.99150  -0.24991  -80  0.19344  0
66697  0.99611  -0.27855  -75  0.18523  0
66849  1.00296  -0.30548  -70  0.17913  0
67000  1.01173  -0.33088  -66  0.17466  0
67151  1.02210  -0.35494  -63  0.17133  0
67301  1.03375  -0.37784  -60  0.16867  0
67451  1.04635  -0.39979  -57  0.16629  0
67602  1.05957  -0.42094  -56  0.16390  0
67752  1.07310  -0.44146  -55  0.16129  0
67903  1.08663  -0.46152  -56  0.15835  0
68053  1.09986  -0.48125  -57  0.15505  0
68203  1.11251  -0.50076  -58  0.15145  0
68354  1.12431  -0.52018  -61  0.14766  0
68505  1.13500  -0.53957  -64  0.14386  0
68656  1.14438  -0.55901  -68  0.14024  0
68807  1.15222  -0.57853  -72  0.13703  0
68958  1.15835  -0.59815  -77  0.13447  0
69109  1.16261  -0.61786  -83  0.13276  0
69260  1.16487  -0.63765  -89  0.13209  0
69410  1.16501  -0.65746  -95  0.13256  0
69561  1.16294  -0.67724  -102  0.13422  0
69712  1.15860  -0.69690  -108  0.13708  0
69863  1.15194  -0.71635  -115  0.14106  0
70014  1.14293  -0.73550  -121  0.14605  0
70166  1.13158  -0.75423  -126  0.15191  0
70318  1.11788  -0.77244  -132  0.15852  0
70469  1.10188  -0.79003  -137  0.16569  0
70619  1.08362  -0.80689  -141  0.17325  0
70771  1.06321  -0.82298  -145  0.18094  0
70922  1.04078  -0.83826  -149  0.18855  0
71073  1.01647  -0.85272  -152  0.19593  0
71224  0.99042  -0.86633  -155  0.20292  0
71376  0.96279  -0.87909  -157  0.20943  0
71527  0.93373  -0.89101  -159  0.21538  0
71678  0.90338  -0.90210  -161  0.22072  0
71829  0.87191  -0.91238  -163  0.22544  0
71981  0.83945  -0.92187  -165  0.22952  0
72133  0.80615  -0.93059  -166  0.23297  0
72283  0.77213  -0.93859  -168  0.23582  0
72435  0.73752  -0.94589  -169  0.23808  0
72585  0.70243  -0.95253  -170  0.23980  0
72735  0.66697  -0.95855  -171  0.24102  0
72886  0.63122  -0.96398  -172  0.24179  0
73038  0.59529  -0.96887  -173  0.24215  0
73189  0.55923  -0.97326  -173  0.24215  0
73339  0.52312  -0.97718  -174  0.24184  0
73490  0.48701  -0.98068  -175  0.24125  0
73641  0.45096  -0.98379  -175  0.24043  0
73792  0.41500  -0.98654  -176  0.23942  0
73942  0.37917  -0.98898  -176  0.23824  0
74092  0.34350  -0.99113  -176  0.23693  0
74242  0.30801  -0.99302  -177  0.23553  0
74394  0.27272  -0.99468  -177  0.23404  0
74543  0.23764  -0.99614  -177  0.23250  0
74693  0.20279  -0.99742  -178  0.23093  0
74843  0.16817  -0.99854  -178  0.22933  0
74994  0.13379  -0.99953  -178  0.22773  0
75144  0.09964  -1.00038  -178  0.22613  0
75294  0.06573  -1.00113  -178  0.22453  0
75444  0.03205  -1.00178  -179  0.22296  0
75595  -0.00139  -1.00235  -179  0.22139  0
75745  -0.03459  -1.00283  -179  0.21984  0
75896  -0.06757  -1.00323  -179  0.21831  0
76046  -0.10031  -1.00356  -179  0.21678  0
76196  -0.13283  -1.00382  -179  0.21525  0
76347  -0.16511  -1.00400  -179  0.21370  0
76498  -0.19717  -1.00409  -179  0.21214  0
76649  -0.22899  -1.00410  179  0.21055  0
76800  -0.26057  -1.00400  179  0.20890  0
76950  -0.29190  -1.00379  179  0.20719  0
77101  -0.32298  -1.00345  179  0.20540  0
77252  -0.35379  -1.00296  178  0.20351  0
77402  -0.38431  -1.00229  178  0.20151  0
77552  -0.41452  -1.00142  177  0.19937  0
77703  -0.44440  -1.00032  177  0.19707  0
77854  -0.47393  -0.99896  176  0.19461  0
78005  -0.50308  -0.99730  174  0.19370  0
78156  -0.53198  -0.99427  -179  0.17096  0
78308  -0.55762  -0.99464  -171  0.15264  0
78458  -0.58026  -0.99806  -162  0.13881  0
78608  -0.60015  -1.00422  -153  0.12920  0
78759  -0.61755  -1.01275  -145  0.12315  0
78911  -0.63272  -1.02329  -137  0.11970  0
79063  -0.64592  -1.03546  -130  0.11774  4
79214  -0.65740  -1.04888  -125  0.11625  4
79364  -0.66741  -1.06316  -120  0.11440  0
79514  -0.67617  -1.07791  -117  0.11156  0
79665  -0.68391  -1.09275  -115  0.10731  0
79815  -0.69083  -1.10728  -114  0.10141  0
79966  -0.69714  -1.12112  -114  0.09374  0
80117  -0.70299  -1.13391  -116  0.08437  0
80268  -0.70855  -1.14528  -119  0.07352  0
80418  -0.71394  -1.15490  -125  0.06168  0
80568  -0.71927  -1.16246  -135  0.04990  0
80719  -0.72464  -1.16767  -154  0.04065  0
80870  -0.73014  -1.17030  178  0.03802  0
81020  -0.73584  -1.17016  152  0.04469  0
81170  -0.74180  -1.16709  135  0.05832  0
81321  -0.74806  -1.16098  125  0.07555  0
81473  -0.75464  -1.15175  119  0.09448  0
81624  -0.76155  -1.13938  115  0.11409  0
81776  -0.76880  -1.12387  112  0.13379  0
81926  -0.77636  -1.10528  109  0.15317  0
82077  -0.78422  -1.08369  108  0.17192  0
82228  -0.79233  -1.05922  107  0.18981  0
82378  -0.80067  -1.03199  105  0.20664  0
82528  -0.80919  -1.00219  105  0.22226  0
82678  -0.81783  -0.96999  104  0.23657  0
82829  -0.82656  -0.93560  103  0.24717  0
82979  -0.83532  -0.89957  103  0.25690  0
83130  -0.84407  -0.86204  103  0.24084  0
83281  -0.85276  -0.82698  105  0.21114  0
83432  -0.86134  -0.79649  104  0.23180  0
83583  -0.86978  -0.76276  102  0.24966  0
83735  -0.87804  -0.72623  101  0.26481  0
83886  -0.88610  -0.68734  100  0.27743  0
84036  -0.89391  -0.64646  100  0.28769  0
84186  -0.90147  -0.60398  99  0.29578  0
84339  -0.90875  -0.56021  98  0.30189  0
84490  -0.91573  -0.51547  98  0.30623  0
84640  -0.92241  -0.47002  97  0.30898  0
84790  -0.92878  -0.42412  97  0.31033  0
84940  -0.93483  -0.37796  97  0.31046  0
85090  -0.94056  -0.33175  96  0.30953  0
85241  -0.94596  -0.28563  96  0.30771  0
85391  -0.95105  -0.23976  95  0.30512  0
85542  -0.95582  -0.19424  95  0.30190  0
85695  -0.96028  -0.14917  95  0.29816  0
85845  -0.96443  -0.10464  95  0.29400  0
85995  -0.96827  -0.06071  94  0.28951  0
86146  -0.97182  -0.01743  94  0.28477  0
86297  -0.97506  0.02516  94  0.27985  0
86448  -0.97802  0.06704  93  0.27479  0
86599  -0.98068  0.10817  93  0.26964  0
86750  -0.98305  0.14855  92  0.26444  0
86900  -0.98512  0.18816  92  0.25920  0
87051  -0.98689  0.22700  92  0.25396  0
87201  -0.98835  0.26506  91  0.24871  0
87352  -0.98949  0.30235  91  0.24345  0
87502  -0.99030  0.33886  90  0.23820  0
87653  -0.99076  0.37459  85  0.21742  0
87828  -0.98823  0.40710  79  0.20004  0
87978  -0.98297  0.43664  73  0.18605  0
88129  -0.97524  0.46346  67  0.17518  0
88283  -0.96532  0.48779  61  0.16703  0
88434  -0.95352  0.50989  56  0.16080  0
88584  -0.94021  0.53001  51  0.15611  0
88734  -0.92568  0.54837  47  0.15241  0
88885  -0.91022  0.56522  44  0.14884  0
89035  -0.89421  0.58077  41  0.14536  0
89185  -0.87790  0.59524  39  0.14175  0
89336  -0.86154  0.60883  38  0.13733  0
89486  -0.84547  0.62171  38  0.13219  0
89637  -0.82995  0.63405  38  0.12676  0
89787  -0.81515  0.64599  40  0.12078  0
89939  -0.80129  0.65765  41  0.11481  0
90089  -0.78845  0.66913  44  0.10866  0
90239  -0.77678  0.68051  47  0.10264  0
90389  -0.76635  0.69183  50  0.09722  0
90540  -0.75713  0.70313  54  0.09221  0
90691  -0.74915  0.71443  58  0.08813  0
90843  -0.74231  0.72574  63  0.08459  0
90992  -0.73661  0.73708  67  0.08168  0
91142  -0.73200  0.74843  52  0.09531  0
91293  -0.72332  0.75979  42  0.11136  0
91443  -0.71107  0.77114  36  0.12721  0
91594  -0.69570  0.78245  31  0.14175  0
91744  -0.67765  0.79369  28  0.15458  0
91894  -0.65731  0.80482  26  0.16558  0
92044  -0.63504  0.81582  24  0.17479  0
92196  -0.61116  0.82664  22  0.18233  0
92352  -0.58595  0.83724  21  0.18836  0
92498  -0.55966  0.84759  20  0.19304  0
92648  -0.53251  0.85765  19  0.19655  0
92798  -0.50468  0.86741  18  0.19906  0
92949  -0.47635  0.87682  17  0.20073  0
93099  -0.44763  0.88587  16  0.20172  0
93250  -0.41864  0.89454  15  0.20216  0
93400  -0.38947  0.90282  15  0.20218  0
93550  -0.36018  0.91069  14  0.20187  0
93701  -0.33084  0.91817  13  0.20133  0
93851  -0.30148  0.92523  12  0.20064  0
94002  -0.27213  0.93189  12  0.19985  0
94152  -0.24281  0.93815  11  0.19903  0
94303  -0.21354  0.94402  10  0.19821  0
94453  -0.18432  0.94950  9  0.19742  0
94603  -0.15515  0.95462  9  0.19669  0
94754  -0.12603  0.95938  8  0.19603  0
94905  -0.09696  0.96380  8  0.19545  0
95055  -0.06793  0.96788  7  0.19495  0
95205  -0.03893  0.97166  6  0.19453  0
95355  -0.00996  0.97514  6  0.19418  0
95506  0.01899  0.97833  5  0.19390  0
95656  0.04793  0.98126  5  0.19368  0
95807  0.07686  0.98393  4  0.19350  0
95957  0.10578  0.98635  4  0.19335  0
96107  0.13470  0.98853  3  0.19321  0
96257  0.16362  0.99049  3  0.19306  0
96407  0.19253  0.99223  3  0.19289  0
96558  0.22142  0.99374  2  0.19267  0
96708  0.25029  0.99504  2  0.19240  0
96859  0.27913  0.99612  1  0.19204  0
97010  0.30792  0.99698  1  0.19157  0
97160  0.33665  0.99761  0  0.19099  0
97311  0.36530  0.99800  0  0.19026  0
97461  0.39383  0.99813  0  0.18936  0
97612  0.42224  0.99799  0  0.18828  0
97762  0.45048  0.99755  -5  0.17806  0
97912  0.47706  0.99492  -12  0.16307  0
98064  0.50091  0.98950  -20  0.15186  0
98214  0.52225  0.98152  -28  0.14425  0
98364  0.54129  0.97125  -35  0.13979  0
98515  0.55825  0.95893  -42  0.13677  0
98665  0.57329  0.94497  -48  0.13543  0
98815  0.58662  0.92964  -54  0.13399  0
98966  0.59837  0.91334  -58  0.13296  0
99117  0.60877  0.89632  -62  0.13094  0
99267  0.61798  0.87897  -64  0.12795  0
99418  0.62620  0.86163  -66  0.12438  0
99570  0.63363  0.84451  -67  0.11958  0
99720  0.64044  0.82792  -68  0.11359  0
99869  0.64682  0.81212  -67  0.10703  0
