t  x  y  th  vel  obstacle
41    -1.00000  1.00000  0  0.00000  0
192   -1.00000  1.00000  0  0.04055  0
343   -0.99392  1.00000  0  0.07578  0
493   -0.98255  1.00000  0  0.10619  0
643   -0.96662  1.00000  0  0.13225  0
794   -0.94679  1.00000  0  0.15439  0
946   -0.92363  1.00000  0  0.17304  0
1097  -0.89767  1.00000  0  0.18858  0
1248  -0.86938  1.00000  0  0.20137  0
1398  -0.83918  1.00000  0  0.21174  0
1548  -0.80742  1.00000  0  0.22000  0
1699  -0.77442  1.00000  0  0.22643  0
1850  -0.74045  1.00000  0  0.23127  0
2001  -0.70576  1.00000  0  0.23476  0
2151  -0.67055  1.00000  0  0.23709  0
2332  -0.63499  1.00000  0  0.23846  0
2452  -0.59922  1.00000  0  0.23903  0
2602  -0.56336  1.00000  0  0.23894  0
2753  -0.52752  1.00001  0  0.23833  0
2904  -0.49177  1.00002  0  0.23731  0
3055  -0.45618  1.00004  0  0.23597  0
3206  -0.42078  1.00006  0  0.23438  0
3356  -0.38562  1.00010  0  0.23264  0
3506  -0.35073  1.00015  0  0.23078  0
3658  -0.31611  1.00022  0  0.22886  0
3808  -0.28178  1.00030  0  0.22692  2
3958  -0.24774  1.00040  0  0.22499  2
4110  -0.21400  1.00051  0  0.22310  0
4262  -0.18053  1.00064  0  0.22126  0
4412  -0.14734  1.00079  0  0.21949  0
4564  -0.11442  1.00095  0  0.21780  0
4715  -0.08175  1.00113  0  0.21619  0
4865  -0.04932  1.00132  0  0.21466  0
5016  -0.01712  1.00152  0  0.21321  0
5165  0.01486  1.00172  0  0.21183  0
5316  0.04663  1.00192  0  0.21052  0
5466  0.07821  1.00212  0  0.20927  0
5617  0.10960  1.00230  0  0.20806  0
5767  0.14080  1.00246  0  0.20688  0
5918  0.17184  1.00258  0  0.20572  0
6068  0.20269  1.00267  0  0.20456  0
6219  0.23338  1.00269  0  0.20338  0
6370  0.26388  1.00265  0  0.20216  0
6523  0.29421  1.00251  0  0.20088  0
6673  0.32434  1.00226  0  0.19953  0
6824  0.35427  1.00188  -1  0.19808  0
6977  0.38397  1.00134  -1  0.19651  0
7127  0.41344  1.00062  -1  0.19480  0
7278  0.44264  0.99968  -2  0.19293  0
7432  0.47156  0.99850  -2  0.19088  0
7583  0.50015  0.99702  -3  0.18864  0
7735  0.52839  0.99522  -4  0.18618  0
7884  0.55623  0.99305  -5  0.18351  0
8034  0.58364  0.99046  -6  0.18062  0
8185  0.61056  0.98740  -7  0.17750  0
8335  0.63694  0.98381  -9  0.17417  0
8485  0.66273  0.97965  -10  0.17065  0
8636  0.68787  0.97484  -12  0.16697  0
8787  0.71230  0.96933  -14  0.16318  0
8939  0.73596  0.96304  -17  0.15935  0
9089  0.75877  0.95592  -20  0.15557  0
9240  0.78068  0.94789  -23  0.15194  0
9391  0.80162  0.93889  -26  0.14860  0
9543  0.82153  0.92885  -30  0.14570  0
9694  0.84033  0.91772  -34  0.14340  0
9844  0.85799  0.90543  -39  0.14185  0
9995  0.87444  0.89193  -44  0.14120  0
10145  0.88965  0.87719  -48  0.14153  0
10296  0.90359  0.86118  -53  0.14282  0
10445  0.91630  0.84393  -57  0.14493  0
10596  0.92782  0.82550  -61  0.14769  0
10747  0.93823  0.80594  -65  0.15095  0
10899  0.94757  0.78532  -68  0.15454  0
11051  0.95591  0.76369  -71  0.15832  0
11202  0.96332  0.74113  -74  0.16217  0
11353  0.96986  0.71770  -76  0.16599  0
11505  0.97561  0.69348  -78  0.16971  0
11655  0.98064  0.66852  -80  0.17327  0
11805  0.98500  0.64290  -81  0.17663  0
11956  0.98875  0.61667  -83  0.17976  0
12107  0.99197  0.58990  -84  0.18264  0
12259  0.99470  0.56264  -85  0.18528  0
12410  0.99699  0.53494  -86  0.18767  0
12561  0.99889  0.50686  -88  0.19875  0
12713  0.99969  0.47705  -83  0.18773  0
12864  1.00279  0.44907  -78  0.17897  0
13015  1.00811  0.42275  -86  0.16264  0
13166  1.00966  0.39841  -95  0.15074  0
13316  1.00764  0.37589  -104  0.14373  0
13467  1.00237  0.35498  -112  0.14099  0
13618  0.99420  0.33547  -120  0.14152  0
13768  0.98350  0.31714  -126  0.14423  2
13918  0.97061  0.29976  -131  0.14811  2
14069  0.95590  0.28311  -135  0.15234  2
14220  0.93973  0.26697  -137  0.15637  0
14370  0.92243  0.25113  -138  0.15985  0
14521  0.90436  0.23537  -139  0.16260  0
14672  0.88585  0.21948  -139  0.16459  0
14823  0.86722  0.20329  -137  0.16590  0
14975  0.84876  0.18660  -136  0.16668  0
15126  0.83075  0.16925  -133  0.16716  0
15278  0.81345  0.15110  -130  0.16761  0
15429  0.79709  0.13202  -127  0.16829  0
15581  0.78186  0.11188  -123  0.16947  0
15732  0.76794  0.09061  -119  0.17136  0
15884  0.75546  0.06814  -114  0.17411  0
16035  0.74453  0.04442  -110  0.17776  0
16186  0.73523  0.01943  -106  0.18229  0
16337  0.72759  -0.00682  -102  0.18759  0
16491  0.72163  -0.03432  -98  0.19347  0
16640  0.71736  -0.06303  -95  0.19973  0
16792  0.71472  -0.09287  -91  0.20615  0
16942  0.71364  -0.12378  -89  0.21248  0
17094  0.71404  -0.15565  -86  0.21849  0
17245  0.71579  -0.18837  -84  0.22397  0
17396  0.71877  -0.22184  -83  0.22875  0
17546  0.72284  -0.25591  -81  0.23260  0
17698  0.72776  -0.29045  -80  0.23547  0
17848  0.73338  -0.32532  -80  0.23725  0
18000  0.73952  -0.36037  -79  0.23791  0
18150  0.74603  -0.39546  -79  0.23740  0
18300  0.75271  -0.43044  -79  0.23571  0
18450  0.75940  -0.46515  -79  0.23261  0
18600  0.76574  -0.49947  -80  0.22843  0
18750  0.77155  -0.53323  -81  0.22321  0
18901  0.77671  -0.56632  -82  0.21705  0
19051  0.78107  -0.59858  -83  0.21003  0
19204  0.78448  -0.62990  -85  0.20230  0
19354  0.78682  -0.66015  -87  0.19399  0
19505  0.78796  -0.68923  -90  0.18529  0
19656  0.78779  -0.71702  -93  0.17643  0
19806  0.78620  -0.74344  -97  0.16767  0
19957  0.78311  -0.76840  -101  0.15931  0
20108  0.77842  -0.79183  -106  0.15170  0
20258  0.77210  -0.81369  -111  0.14533  0
20409  0.76401  -0.83394  -117  0.14053  0
20561  0.75422  -0.85260  -123  0.13738  0
20712  0.74277  -0.86974  -129  0.13584  0
20863  0.72974  -0.88540  -135  0.13578  0
21015  0.71519  -0.89965  -141  0.13699  0
21166  0.69921  -0.91257  -146  0.13924  0
21317  0.68188  -0.92423  -150  0.14229  0
21469  0.66328  -0.93470  -154  0.14589  0
21619  0.64351  -0.94408  -158  0.14983  0
21769  0.62265  -0.95244  -161  0.15396  0
21919  0.60078  -0.95985  -163  0.15814  0
22070  0.57798  -0.96640  -166  0.16225  0
22220  0.55433  -0.97215  -168  0.16622  0
22371  0.52991  -0.97719  -170  0.17000  0
22522  0.50479  -0.98157  -171  0.17356  0
22673  0.47904  -0.98536  -172  0.17687  0
22825  0.45271  -0.98863  -174  0.17993  0
22975  0.42586  -0.99142  -175  0.18274  0
23127  0.39855  -0.99380  -168  0.16779  0
23277  0.37393  -0.99900  -160  0.15684  0
23427  0.35171  -1.00674  -153  0.14958  0
23577  0.33162  -1.01672  -146  0.14542  0
23728  0.31336  -1.02866  -140  0.14361  0
23879  0.29665  -1.04226  -135  0.14334  4
24031  0.28119  -1.05720  -132  0.14391  0
24181  0.26669  -1.07318  -129  0.14476  0
24332  0.25285  -1.08992  -128  0.14551  0
24484  0.23940  -1.10711  -127  0.14595  0
24634  0.22607  -1.12447  -127  0.14602  0
24785  0.21259  -1.14174  -129  0.14578  0
24935  0.19873  -1.15865  -131  0.14542  0
25086  0.18426  -1.17498  -134  0.14518  0
25236  0.16898  -1.19050  -138  0.14535  0
25387  0.15272  -1.20501  -142  0.14625  0
25537  0.13531  -1.21836  -147  0.14812  0
25689  0.11663  -1.23040  -152  0.15117  0
25841  0.09659  -1.24100  -157  0.15548  0
25994  0.07511  -1.25008  -161  0.16101  0
26145  0.05215  -1.25758  -166  0.16763  0
26298  0.02770  -1.26345  -170  0.17514  0
26448  0.00177  -1.26769  -174  0.18327  0
26598  -0.02559  -1.27029  -178  0.19175  0
26749  -0.05434  -1.27128  178  0.20031  0
26899  -0.08438  -1.27070  176  0.20870  0
27049  -0.11562  -1.26862  173  0.21671  0
27199  -0.14793  -1.26509  171  0.22414  0
27350  -0.18119  -1.26019  169  0.23084  0
27502  -0.21526  -1.25400  167  0.23671  0
27652  -0.24999  -1.24660  166  0.24165  0
27804  -0.28521  -1.23807  164  0.24561  0
27953  -0.32079  -1.22848  163  0.24857  0
28104  -0.35654  -1.21790  162  0.25053  0
28255  -0.39232  -1.20640  160  0.25149  0
28406  -0.42795  -1.19402  159  0.25150  0
28557  -0.46330  -1.18083  158  0.25061  0
28707  -0.49819  -1.16684  156  0.24889  0
28857  -0.53248  -1.15208  155  0.24642  0
29008  -0.56603  -1.13657  153  0.24329  0
29157  -0.59870  -1.12030  151  0.23963  0
29308  -0.63036  -1.10328  149  0.23554  0
29458  -0.66088  -1.08549  147  0.23118  0
29608  -0.69016  -1.06691  145  0.22669  0
29760  -0.71808  -1.04750  142  0.22223  0
29911  -0.74456  -1.02726  139  0.21796  0
30062  -0.76952  -1.00613  136  0.21405  0
30213  -0.79288  -0.98411  133  0.21065  0
30367  -0.81461  -0.96116  130  0.20784  0
30517  -0.83472  -0.93734  126  0.20562  0
30667  -0.85324  -0.91268  123  0.20397  0
30817  -0.87024  -0.88724  120  0.20284  0
30968  -0.88576  -0.86107  117  0.20216  0
31119  -0.89988  -0.83424  114  0.20187  0
31270  -0.91267  -0.80679  112  0.20188  0
31420  -0.92422  -0.77880  110  0.20213  0
31572  -0.93459  -0.75030  107  0.20255  0
31723  -0.94387  -0.72137  105  0.20308  0
31873  -0.95215  -0.69206  103  0.20367  0
32025  -0.95949  -0.66240  107  0.19630  0
32176  -0.96812  -0.63425  112  0.18573  0
32327  -0.97895  -0.60858  118  0.17789  0
32479  -0.99174  -0.58516  124  0.17243  0
32629  -1.00627  -0.56376  129  0.16887  0
32779  -1.02229  -0.54414  133  0.16671  0
32931  -1.03956  -0.52606  137  0.16542  0
33082  -1.05781  -0.50926  140  0.16461  0
33232  -1.07682  -0.49349  142  0.16384  0
33382  -1.09631  -0.47852  143  0.16286  0
33532  -1.11602  -0.46409  144  0.16153  0
33682  -1.13570  -0.44996  144  0.15977  0
33833  -1.15511  -0.43589  143  0.15763  0
33983  -1.17400  -0.42167  141  0.15526  0
34134  -1.19214  -0.40708  138  0.15287  0
34284  -1.20934  -0.39191  135  0.15077  0
34436  -1.22539  -0.37598  131  0.14930  0
34586  -1.24013  -0.35912  126  0.14882  0
34736  -1.25342  -0.34118  121  0.14965  0
34887  -1.26513  -0.32203  116  0.15202  0
35038  -1.27519  -0.30156  110  0.15604  0
35188  -1.28355  -0.27970  105  0.16166  0
35339  -1.29020  -0.25638  101  0.16870  0
35489  -1.29518  -0.23157  97  0.17686  0
35639  -1.29855  -0.20526  93  0.18578  0
35790  -1.30045  -0.17746  91  0.19509  0
35940  -1.30102  -0.14820  88  0.20442  0
36091  -1.30042  -0.11754  86  0.21353  0
36241  -1.29870  -0.08556  85  0.22228  0
36393  -1.29585  -0.05234  83  0.23051  0
36543  -1.29189  -0.01799  81  0.23812  0
36694  -1.28686  0.01737  80  0.24501  0
36844  -1.28081  0.05362  79  0.25109  0
36996  -1.27379  0.09063  78  0.25628  0
37147  -1.26585  0.12824  77  0.26056  0
37299  -1.25707  0.16633  76  0.26389  0
37449  -1.24751  0.20474  75  0.26627  0
37600  -1.23722  0.24333  74  0.26769  0
37751  -1.22626  0.28196  73  0.26818  0
37902  -1.21469  0.32049  72  0.26777  0
38053  -1.20256  0.35877  71  0.26650  0
38204  -1.18989  0.39669  70  0.26442  0
38355  -1.17671  0.43410  69  0.26159  0
38505  -1.16305  0.47088  68  0.25808  0
38657  -1.14890  0.50692  67  0.25396  0
38808  -1.13427  0.54209  66  0.24930  0
38959  -1.11914  0.57629  64  0.24421  0
39110  -1.10349  0.60941  63  0.23878  0
39261  -1.08729  0.64135  61  0.23312  0
39411  -1.07050  0.67203  59  0.22734  0
39561  -1.05309  0.70134  57  0.22160  0
39712  -1.03500  0.72923  54  0.21602  0
39862  -1.01618  0.75561  51  0.21076  0
40014  -0.99659  0.78042  48  0.20597  0
40164  -0.97618  0.80361  45  0.20181  0
40315  -0.95491  0.82515  41  0.19840  0
40465  -0.93275  0.84502  38  0.19577  0
40616  -0.90973  0.86326  34  0.19390  0
40768  -0.88590  0.87992  31  0.19271  0
40919  -0.86128  0.89508  28  0.19213  0
41070  -0.83595  0.90881  25  0.19206  0
41220  -0.80994  0.92120  22  0.19239  0
41371  -0.78331  0.93232  20  0.19305  0
41521  -0.75611  0.94226  17  0.19392  0
41673  -0.72840  0.95111  15  0.19495  0
41824  -0.70023  0.95895  13  0.19605  0
41976  -0.67165  0.96587  11  0.19718  0
42126  -0.64270  0.97193  10  0.19829  0
42277  -0.61343  0.97723  8  0.19936  0
42428  -0.58388  0.98182  7  0.20035  0
42579  -0.55409  0.98579  6  0.20125  0
42730  -0.52409  0.98919  5  0.20206  0
42882  -0.49392  0.99209  4  0.20278  0
43032  -0.46361  0.99454  3  0.20340  0
43183  -0.43317  0.99660  3  0.20394  0
43335  -0.40262  0.99831  2  0.20439  0
43486  -0.37200  0.99973  -3  0.18975  0
43636  -0.34360  0.99780  -10  0.17888  0
43787  -0.31724  0.99281  -17  0.17152  2
43937  -0.29270  0.98506  -24  0.16719  2
44088  -0.26980  0.97485  -29  0.16524  2
44238  -0.24830  0.96251  -34  0.16496  0
44389  -0.22802  0.94834  -39  0.16570  0
44540  -0.20872  0.93267  -42  0.16692  0
44691  -0.19021  0.91582  -44  0.16814  0
44841  -0.17227  0.89809  -46  0.16904  0
44992  -0.15469  0.87981  -46  0.16946  0
45142  -0.13729  0.86128  -46  0.16932  0
45292  -0.11987  0.84280  -45  0.16867  0
45442  -0.10226  0.82464  -44  0.16762  0
45593  -0.08427  0.80707  -42  0.16638  0
45744  -0.06576  0.79033  -39  0.16517  0
45895  -0.04659  0.77463  -35  0.16430  0
46045  -0.02664  0.76017  -32  0.16402  0
46195  -0.00580  0.74709  -27  0.16462  0
46346  0.01602  0.73552  -23  0.16623  0
46497  0.03887  0.72554  -19  0.16893  0
46648  0.06280  0.71721  -14  0.17271  0
46798  0.08783  0.71052  -10  0.17742  0
46949  0.11396  0.70546  -7  0.18285  0
47099  0.14116  0.70197  -4  0.18875  0
47250  0.16940  0.69995  -1  0.19481  0
47400  0.19861  0.69927  0  0.20076  0
47551  0.22872  0.69976  2  0.20635  0
47701  0.25964  0.70135  4  0.21141  0
47853  0.29124  0.70396  6  0.21580  0
48004  0.32342  0.70748  7  0.21937  0
48155  0.35604  0.71181  8  0.22200  0
48306  0.38896  0.71681  9  0.22360  0
48456  0.42204  0.72232  10  0.22409  0
48607  0.45514  0.72821  10  0.22339  0
48758  0.48809  0.73429  10  0.22150  0
48909  0.52075  0.74040  10  0.21842  0
49060  0.55297  0.74635  9  0.21390  0
49211  0.58459  0.75177  8  0.20832  0
49362  0.61548  0.75651  7  0.20177  0
49512  0.64549  0.76040  5  0.19436  0
49663  0.67450  0.76332  3  0.18624  0
49813  0.70238  0.76512  1  0.17761  0
49964  0.72901  0.76567  -1  0.16871  0
50114  0.75431  0.76484  -4  0.15950  0
50264  0.77817  0.76314  -7  0.15026  0
50415  0.80054  0.76036  -13  0.14296  0
50565  0.82136  0.75523  -20  0.13766  0
50717  0.84065  0.74786  -28  0.13438  0
50868  0.85844  0.73839  -35  0.13299  0
51020  0.87478  0.72695  -41  0.13330  0
51170  0.88973  0.71366  -47  0.13500  0
51322  0.90334  0.69867  -53  0.13779  0
51472  0.91568  0.68209  -58  0.14137  0
51623  0.92682  0.66405  -62  0.14546  0
51773  0.93685  0.64467  -66  0.14984  0
51924  0.94583  0.62407  -69  0.15433  0
52076  0.95384  0.60235  -72  0.15879  0
52228  0.96096  0.57962  -75  0.16312  0
52379  0.96725  0.55597  -77  0.16725  0
52530  0.97279  0.53150  -79  0.17114  0
52680  0.97764  0.50630  -87  0.15623  0
52831  0.97873  0.48289  -96  0.14604  0
52982  0.97636  0.46111  -105  0.14034  0
53132  0.97087  0.44079  -113  0.13847  0
53283  0.96259  0.42174  -120  0.13948  0
53433  0.95185  0.40378  -126  0.14231  0
53583  0.93901  0.38673  -131  0.14604  0
53733  0.92442  0.37039  -135  0.14997  0
53884  0.90842  0.35458  -137  0.15352  0
54034  0.89136  0.33911  -139  0.15639  0
54185  0.87360  0.32379  -139  0.15841  0
54336  0.85546  0.30844  -139  0.15953  0
54486  0.83727  0.29289  -138  0.15985  0
54638  0.81933  0.27698  -136  0.15952  0
54788  0.80195  0.26053  -134  0.15880  0
54938  0.78538  0.24342  -130  0.15800  0
55089  0.76987  0.22550  -127  0.15748  0
55240  0.75562  0.20666  -122  0.15759  0
55392  0.74282  0.18679  -118  0.15864  0
55542  0.73159  0.16581  -113  0.16089  0
55692  0.72203  0.14365  -108  0.16443  0
55842  0.71419  0.12026  -103  0.16926  0
55992  0.70807  0.09562  -99  0.17522  0
56144  0.70361  0.06972  -96  0.18205  0
56295  0.70071  0.04257  -93  0.18943  0
56445  0.69922  0.01419  -90  0.19700  0
56595  0.69891  -0.01536  -88  0.20444  0
56746  0.69963  -0.04601  -86  0.21156  0
56897  0.70135  -0.07770  -85  0.21824  0
57048  0.70405  -0.11032  -83  0.22436  0
57199  0.70769  -0.14378  -82  0.22981  0
57351  0.71219  -0.17796  -81  0.23449  0
57502  0.71749  -0.21273  -80  0.23830  0
57653  0.72348  -0.24797  -79  0.24118  0
57804  0.73004  -0.28355  -78  0.24305  0
57955  0.73706  -0.31932  -78  0.24373  0
58105  0.74428  -0.35516  -78  0.24334  0
58256  0.75158  -0.39093  -78  0.24187  0
58408  0.75881  -0.42648  -78  0.23934  0
58559  0.76584  -0.46168  -79  0.23575  0
58709  0.77251  -0.49641  -79  0.23108  0
58860  0.77863  -0.53053  -80  0.22548  0
59011  0.78406  -0.56391  -81  0.21901  0
59162  0.78867  -0.59644  -83  0.21177  0
59312  0.79232  -0.62799  -85  0.20387  0
59462  0.79490  -0.65847  -87  0.19545  0
59613  0.79629  -0.68775  -89  0.18666  0
59764  0.79639  -0.71575  -92  0.17770  0
59915  0.79509  -0.74237  -96  0.16882  0
60066  0.79230  -0.76754  -100  0.16030  0
60216  0.78794  -0.79119  -105  0.15244  0
60366  0.78196  -0.81326  -110  0.14559  0
60516  0.77431  -0.83371  -116  0.14023  0
60667  0.76501  -0.85258  -122  0.13648  0
60817  0.75409  -0.86989  -128  0.13437  0
60968  0.74161  -0.88572  -134  0.13381  0
61118  0.72763  -0.90012  -139  0.13461  0
61268  0.71222  -0.91317  -144  0.13656  0
61418  0.69545  -0.92494  -154  0.15155  0
61570  0.67502  -0.93491  -146  0.14554  0
61721  0.65675  -0.94685  -139  0.14224  0
61872  0.64041  -0.96057  -133  0.14104  0
62024  0.62575  -0.97583  -128  0.14129  0
62175  0.61254  -0.99240  -124  0.14234  0
62326  0.60050  -1.01003  -121  0.14364  0
62477  0.58940  -1.02850  -118  0.14479  0
62628  0.57897  -1.04755  -117  0.14550  0
62779  0.56894  -1.06694  -116  0.14562  0
62930  0.55909  -1.08643  -117  0.14511  0
63080  0.54914  -1.10579  -118  0.14402  0
63231  0.53888  -1.12480  -120  0.14252  0
63382  0.52808  -1.14325  -123  0.14085  0
63532  0.51652  -1.16093  -126  0.13932  0
63683  0.50401  -1.17768  -131  0.13828  0
63833  0.49039  -1.19331  -135  0.13809  0
63985  0.47549  -1.20771  -141  0.13909  0
64136  0.45920  -1.22074  -146  0.14152  0
64286  0.44140  -1.23231  -152  0.14550  0
64436  0.42202  -1.24234  -158  0.15102  0
64586  0.40101  -1.25080  -163  0.15795  0
64736  0.37833  -1.25765  -167  0.16604  0
64887  0.35398  -1.26290  -171  0.17501  0
65037  0.32798  -1.26656  -175  0.18455  0
65188  0.30038  -1.26868  -178  0.19435  0
65339  0.27124  -1.26931  178  0.20414  0
65489  0.24063  -1.26853  176  0.21368  0
65639  0.20864  -1.26642  174  0.22278  0
65791  0.17540  -1.26308  172  0.23125  0
65941  0.14100  -1.25861  171  0.23899  0
66093  0.10557  -1.25312  169  0.24589  0
66244  0.06925  -1.24670  168  0.25189  0
66394  0.03216  -1.23948  168  0.25696  0
66545  -0.00556  -1.23156  167  0.26107  0
66698  -0.04378  -1.22303  166  0.26424  0
66848  -0.08237  -1.21400  166  0.26649  0
67002  -0.12121  -1.20453  165  0.26783  0
67153  -0.16016  -1.19472  165  0.26832  0
67303  -0.19913  -1.18462  165  0.26800  0
67453  -0.23798  -1.17430  164  0.26691  0
67604  -0.27661  -1.16379  164  0.26511  0
67754  -0.31492  -1.15313  164  0.26265  0
67905  -0.35281  -1.14234  163  0.25958  0
68056  -0.39019  -1.13144  163  0.25595  0
68206  -0.42697  -1.12041  162  0.25181  0
68356  -0.46305  -1.10925  162  0.24721  0
68508  -0.49836  -1.09794  161  0.24220  0
68658  -0.53283  -1.08644  160  0.23683  0
68811  -0.56636  -1.07472  159  0.23116  0
68962  -0.59889  -1.06272  158  0.22525  0
69112  -0.63035  -1.05040  157  0.21916  0
69263  -0.66066  -1.03767  155  0.21299  0
69413  -0.68977  -1.02449  153  0.20681  0
69564  -0.71759  -1.01077  151  0.20073  0
69714  -0.74407  -0.99645  149  0.19488  0
69865  -0.76916  -0.98145  146  0.18940  0
70016  -0.79280  -0.96569  143  0.18443  0
70168  -0.81495  -0.94911  139  0.18013  0
70320  -0.83557  -0.93165  135  0.17664  0
70469  -0.85463  -0.91324  132  0.17408  0
70620  -0.87212  -0.89385  128  0.17246  0
70771  -0.88809  -0.87350  124  0.17173  0
70922  -0.90261  -0.85223  120  0.17178  0
71073  -0.91574  -0.83006  117  0.17248  0
71224  -0.92757  -0.80705  114  0.17372  0
71376  -0.93818  -0.78325  111  0.17535  0
71527  -0.94764  -0.75871  108  0.17726  0
71678  -0.95604  -0.73348  106  0.17935  0
71829  -0.96346  -0.70762  103  0.18152  0
71981  -0.96999  -0.68119  101  0.18371  0
72132  -0.97570  -0.65423  100  0.18586  0
72283  -0.98066  -0.62679  98  0.18792  0
72435  -0.98495  -0.59893  97  0.18986  0
72586  -0.98863  -0.57069  104  0.17394  0
72736  -0.99506  -0.54541  111  0.16197  0
72886  -1.00399  -0.52281  118  0.15375  0
73037  -1.01514  -0.50262  125  0.14875  0
73189  -1.02825  -0.48457  132  0.14628  0
73339  -1.04304  -0.46835  137  0.14554  0
73489  -1.05920  -0.45369  142  0.14582  0
73640  -1.07648  -0.44027  145  0.14643  0
73790  -1.09457  -0.42781  147  0.14691  0
73940  -1.11319  -0.41603  148  0.14694  0
74090  -1.13205  -0.40463  149  0.14638  0
74241  -1.15089  -0.39334  148  0.14524  0
74392  -1.16942  -0.38189  146  0.14362  0
74542  -1.18741  -0.37004  144  0.14178  0
74692  -1.20462  -0.35754  140  0.14004  0
74842  -1.22082  -0.34417  136  0.13881  0
74993  -1.23584  -0.32975  131  0.13853  0
75143  -1.24951  -0.31410  125  0.13958  0
75294  -1.26169  -0.29707  119  0.14229  0
75444  -1.27227  -0.27853  113  0.14679  0
75595  -1.28119  -0.25840  108  0.15306  0
75745  -1.28840  -0.23661  103  0.16091  0
75896  -1.29392  -0.21311  98  0.17001  0
76046  -1.29778  -0.18790  94  0.18000  0
76196  -1.30006  -0.16100  91  0.19045  0
76346  -1.30088  -0.13244  89  0.20098  0
76498  -1.30039  -0.10230  86  0.21128  0
76649  -1.29864  -0.07066  84  0.22115  0
76800  -1.29566  -0.03762  83  0.23044  0
76950  -1.29148  -0.00331  81  0.23900  0
77101  -1.28615  0.03214  79  0.24671  0
77252  -1.27972  0.06859  78  0.25348  0
77402  -1.27226  0.10587  77  0.25925  0
77552  -1.26384  0.14383  76  0.26397  0
77703  -1.25452  0.18232  75  0.26761  0
77854  -1.24438  0.22116  74  0.27017  0
78005  -1.23347  0.26019  73  0.27167  0
78156  -1.22186  0.29925  72  0.27214  0
78308  -1.20960  0.33819  71  0.27162  0
78458  -1.19673  0.37684  70  0.27017  0
78608  -1.18328  0.41507  69  0.26784  0
78759  -1.16928  0.45273  68  0.26472  0
78911  -1.15473  0.48968  67  0.26088  0
79063  -1.13965  0.52579  66  0.25642  0
79214  -1.12403  0.56093  64  0.25143  0
79364  -1.10784  0.59500  62  0.24603  0
79514  -1.09107  0.62787  61  0.24033  0
79665  -1.07368  0.65945  59  0.23448  0
79815  -1.05564  0.68964  56  0.22860  0
79966  -1.03689  0.71835  54  0.22287  0
80117  -1.01741  0.74552  51  0.21743  0
80268  -0.99714  0.77107  48  0.21244  0
80418  -0.97605  0.79496  45  0.20805  0
80568  -0.95411  0.81715  41  0.20440  0
80719  -0.93128  0.83762  38  0.20150  0
80870  -0.90761  0.85642  35  0.19934  0
81020  -0.88315  0.87361  31  0.19785  0
81170  -0.85794  0.88926  28  0.19695  0
81321  -0.83202  0.90345  25  0.19656  0
81473  -0.80547  0.91627  22  0.19657  0
81624  -0.77833  0.92779  20  0.19691  0
81775  -0.75065  0.93810  18  0.19747  0
81926  -0.72249  0.94729  15  0.19820  0
82077  -0.69391  0.95545  13  0.19901  0
82230  -0.66494  0.96266  12  0.19987  0
82380  -0.63564  0.96901  10  0.20073  0
82530  -0.60604  0.97456  9  0.20156  0
82681  -0.57620  0.97939  7  0.20233  0
82831  -0.54614  0.98357  0  0.18546  0
82981  -0.51832  0.98400  -6  0.17208  0
83131  -0.49268  0.98104  -14  0.16279  0
83281  -0.46902  0.97499  -21  0.15721  0
83432  -0.44715  0.96618  -28  0.15465  0
83583  -0.42686  0.95494  -35  0.15429  0
83734  -0.40795  0.94159  -40  0.15528  0
83885  -0.39021  0.92649  -44  0.15697  0
84035  -0.37345  0.90996  -47  0.15865  0
84186  -0.35744  0.89235  -49  0.15983  0
84337  -0.34199  0.87402  -51  0.16028  0
84488  -0.32690  0.85530  -51  0.15985  0
84638  -0.31197  0.83654  -50  0.15854  0
84788  -0.29700  0.81806  -49  0.15644  0
84938  -0.28181  0.80017  -47  0.15379  0
85089  -0.26623  0.78316  -44  0.15090  0
85240  -0.25008  0.76730  -40  0.14820  0
85391  -0.23322  0.75281  -36  0.14617  0
85542  -0.21550  0.73990  -30  0.14530  0
85693  -0.19680  0.72871  -25  0.14601  0
85843  -0.17700  0.71934  -19  0.14856  0
85993  -0.15602  0.71183  -14  0.15302  0
86144  -0.13378  0.70615  -9  0.15919  0
86295  -0.11023  0.70218  -5  0.16671  0
86445  -0.08535  0.69972  -2  0.17509  0
86595  -0.05911  0.69848  0  0.18384  0
86746  -0.03154  0.69811  0  0.19254  0
86896  -0.00266  0.69829  1  0.20095  0
87047  0.02748  0.69890  1  0.20894  0
87197  0.05880  0.69995  2  0.21641  0
87348  0.09122  0.70154  3  0.22329  0
87498  0.12464  0.70376  4  0.22948  0
87649  0.15894  0.70666  5  0.23492  0
87800  0.19400  0.71025  6  0.23950  0
87950  0.22967  0.71452  7  0.24313  0
88100  0.26581  0.71940  8  0.24575  0
88250  0.30227  0.72481  9  0.24732  0
88401  0.33890  0.73068  9  0.24778  0
88551  0.37554  0.73691  10  0.24710  0
88702  0.41204  0.74338  10  0.24512  0
88853  0.44823  0.74984  10  0.24196  0
89003  0.48398  0.75616  9  0.23767  0
89153  0.51911  0.76219  9  0.23228  0
89305  0.55350  0.76780  8  0.22585  0
89455  0.58700  0.77285  7  0.21819  0
89606  0.61947  0.77691  5  0.20978  0
89757  0.65080  0.77988  3  0.20076  0
89909  0.68086  0.78163  0  0.19129  0
90058  0.70955  0.78207  -2  0.18160  0
90208  0.73678  0.78110  -5  0.17194  0
90358  0.76245  0.77862  -9  0.16264  0
90509  0.78650  0.77455  -14  0.15406  0
90660  0.80889  0.76881  -20  0.14760  0
90811  0.82962  0.76104  -26  0.14291  0
90961  0.84874  0.75134  -33  0.13998  0
91111  0.86629  0.73981  -39  0.13871  0
91263  0.88233  0.72656  -45  0.13892  0
91414  0.89693  0.71170  -51  0.14036  0
91566  0.91017  0.69532  -56  0.14277  0
91716  0.92211  0.67755  -60  0.14590  0
91866  0.93285  0.65848  -64  0.14951  0
92017  0.94247  0.63822  -68  0.15341  0
92169  0.95104  0.61687  -71  0.15743  0
92320  0.95865  0.59451  -73  0.16145  0
92471  0.96537  0.57125  -76  0.16538  0
92621  0.97128  0.54715  -83  0.15854  0
92772  0.97415  0.52355  -91  0.14480  0
92923  0.97348  0.50184  -101  0.13571  0
93073  0.96956  0.48186  -110  0.13099  0
93224  0.96271  0.46344  -119  0.12991  0
93374  0.95325  0.44641  -126  0.13144  0
93524  0.94149  0.43058  -132  0.13453  0
93676  0.92779  0.41577  -137  0.13829  0
93827  0.91246  0.40179  -141  0.14201  0
93978  0.89585  0.38845  -143  0.14508  0
94128  0.87832  0.37557  -145  0.14718  0
94279  0.86020  0.36295  -145  0.14818  0
94429  0.84185  0.35041  -145  0.14805  0
94579  0.82360  0.33776  -144  0.14689  0
94730  0.80576  0.32483  -141  0.14489  0
94881  0.78864  0.31144  -139  0.14239  0
95031  0.77251  0.29743  -135  0.13980  0
95181  0.75764  0.28265  -130  0.13763  0
95331  0.74423  0.26695  -125  0.13643  0
95482  0.73247  0.25021  -119  0.13672  0
95632  0.72248  0.23230  -113  0.13889  0
95784  0.71432  0.21313  -107  0.14309  0
95934  0.70799  0.19262  -101  0.14924  0
96084  0.70342  0.17070  -97  0.15698  0
96234  0.70045  0.14734  -93  0.16586  0
96384  0.69881  0.12252  -91  0.17533  0
96535  0.69815  0.09623  -90  0.18491  0
96685  0.69814  0.06849  -89  0.19429  0
96835  0.69856  0.03935  -88  0.20330  0
96986  0.69934  0.00887  -87  0.21183  0
97136  0.70057  -0.02288  -86  0.21980  0
97288  0.70236  -0.05581  -85  0.22713  0
97438  0.70478  -0.08979  -84  0.23373  0
97590  0.70788  -0.12471  -83  0.23953  0
97740  0.71169  -0.16044  -82  0.24444  0
97890  0.71618  -0.19683  -82  0.24836  0
98041  0.72129  -0.23373  -81  0.25126  0
98193  0.72694  -0.27099  -80  0.25307  0
98344  0.73306  -0.30846  -80  0.25377  0
98495  0.73955  -0.34597  -79  0.25331  0
98646  0.74630  -0.38336  -79  0.25156  0
98796  0.75307  -0.42048  -79  0.24865  0
98947  0.75974  -0.45718  -79  0.24458  0
99098  0.76615  -0.49330  -80  0.23941  0
99248  0.77219  -0.52870  -81  0.23295  0
99399  0.77747  -0.56324  -82  0.22558  0
99550  0.78188  -0.59679  -83  0.21739  0
99700  0.78531  -0.62922  -85  0.20852  0
99850  0.78764  -0.66041  -87  0.19911  0
100002  0.78875  -0.69025  -90  0.18935  0
