t  ID  type  x  y  dx  dy
2399  4  1  0.56667  -0.96000  -0.02000  0.06667
2510  4  1  0.56667  -0.96000  -0.04667  0.46667
2618  4  1  0.56667  -0.96000  -0.04667  0.84667
2727  4  1  0.56667  -0.96000  -0.04667  1.09333
2838  4  1  0.56667  -0.96000  -0.04667  1.18667
2945  4  1  0.56667  -0.96000  -0.03333  1.25333
3054  4  1  0.56667  -0.96000  -0.03333  1.28667
3163  4  1  0.56667  -0.96000  -0.03333  1.30000
3272  4  1  0.56667  -0.96000  -0.02667  1.32000
3386  4  1  0.56667  -0.96000  -0.02667  1.35333
3491  4  1  0.56667  -0.96000  -0.02667  1.36000
3600  4  3  0.56667  -0.96000  -0.02667  1.36000
6554  3  1  0.98000  -0.26667  0.18000  -0.05333
6664  3  1  0.98000  -0.26667  0.48667  -0.07333
6775  3  1  0.98000  -0.26667  0.76667  -0.08667
6884  3  1  0.98000  -0.26667  0.93333  -0.10667
6993  3  1  0.98000  -0.26667  1.10000  -0.12000
7102  3  1  0.98000  -0.26667  1.36667  -0.13333
7212  3  1  0.98000  -0.26667  1.64000  -0.16667
7322  3  1  0.98000  -0.26667  1.80667  -0.19333
7431  3  1  0.98000  -0.26667  1.89333  -0.22000
7538  3  1  0.98000  -0.26667  1.92000  -0.24000
7649  3  1  0.98000  -0.26667  1.94000  -0.26000
9073  3  3  0.98000  -0.26667  1.94000  -0.26000
12026  4  1  -0.97333  -0.57333  -0.27333  0.00667
12133  4  1  -0.97333  -0.57333  -0.78667  -0.03333
12244  4  1  -0.97333  -0.57333  -1.21333  -0.09333
12351  4  1  -0.97333  -0.57333  -1.45333  -0.12667
12465  4  1  -0.97333  -0.57333  -1.64000  -0.16000
12574  4  1  -0.97333  -0.57333  -1.78667  -0.18667
12680  4  1  -0.97333  -0.57333  -1.82667  -0.19333
12900  4  3  -0.97333  -0.57333  -1.82667  -0.19333
16178  1  1  0.24000  1.01333  0.04667  -0.10667
16288  1  1  0.24000  1.01333  0.15333  -0.62667
16398  1  1  0.24000  1.01333  0.19333  -1.11333
16511  1  1  0.24000  1.01333  0.12000  -1.56667
16618  1  1  0.24000  1.01333  0.01333  -1.95333
16729  1  1  0.24000  1.01333  -0.01333  -2.03333
16837  1  1  0.24000  1.01333  -0.02000  -2.06667
16948  1  1  0.24000  1.01333  -0.02667  -2.17333
17055  1  1  0.24000  1.01333  -0.02667  -2.18667
17169  1  1  0.24000  1.01333  -0.02667  -2.19333
17822  1  1  0.24000  1.01333  0.23333  -2.19333
17932  1  1  0.24000  1.01333  0.53333  -2.19333
18038  1  1  0.24000  1.01333  0.64667  -2.19333
18151  1  1  0.24000  1.01333  0.68667  -2.19333
18261  1  1  0.24000  1.01333  0.75333  -2.18667
18368  1  1  0.24000  1.01333  0.96667  -2.15333
18478  1  1  0.24000  1.01333  1.00000  -2.14000
18587  1  1  0.24000  1.01333  1.01333  -2.12667
18696  1  1  0.24000  1.01333  1.02000  -2.12667
19022  1  3  0.24000  1.01333  1.02000  -2.12667
22524  2  1  0.44667  -1.02667  -0.06000  -0.06000
22637  2  1  0.44667  -1.02667  -0.11333  -0.18667
22742  2  1  0.44667  -1.02667  -0.23333  -0.50000
22853  2  1  0.44667  -1.02667  -0.42000  -0.83333
22966  2  1  0.44667  -1.02667  -0.56667  -0.94000
23073  2  1  0.44667  -1.02667  -0.66000  -1.00000
23179  2  1  0.44667  -1.02667  -0.68667  -1.00667
23289  2  1  0.44667  -1.02667  -0.69333  -1.01333
23397  2  1  0.44667  -1.02667  -0.69333  -1.02000
23619  2  3  0.44667  -1.02667  -0.69333  -1.02000
26791  1  1  0.90000  -0.35333  0.23333  -0.03333
26899  1  1  0.90000  -0.35333  0.64667  -0.06667
27010  1  1  0.90000  -0.35333  0.99333  -0.08667
27117  1  1  0.90000  -0.35333  1.40000  -0.10667
27228  1  1  0.90000  -0.35333  1.84000  -0.11333
27342  1  1  0.90000  -0.35333  2.24000  -0.11333
27445  1  1  0.90000  -0.35333  2.43333  -0.11333
27556  1  1  0.90000  -0.35333  2.50667  -0.09333
27665  1  1  0.90000  -0.35333  2.52667  -0.09333
28105  1  3  0.90000  -0.35333  2.52667  -0.09333
31823  2  1  -0.96000  -0.60667  -0.01333  0.00667
31930  2  1  -0.96000  -0.60667  -0.27333  0.00667
32044  2  1  -0.96000  -0.60667  -1.04667  -0.06000
32148  2  1  -0.96000  -0.60667  -1.48000  -0.13333
32261  2  1  -0.96000  -0.60667  -1.78000  -0.18000
32368  2  1  -0.96000  -0.60667  -1.88667  -0.19333
32478  2  1  -0.96000  -0.60667  -1.94000  -0.20667
32585  2  1  -0.96000  -0.60667  -1.95333  -0.21333
32696  2  1  -0.96000  -0.60667  -1.96000  -0.21333
32806  2  3  -0.96000  -0.60667  -1.96000  -0.21333
37836  1  1  -0.46667  -1.00667  -0.04667  0.19333
37947  1  1  -0.46667  -1.00667  0.06667  0.86667
38053  1  1  -0.46667  -1.00667  0.19333  1.27333
38167  1  1  -0.46667  -1.00667  0.24667  1.47333
38275  1  1  -0.46667  -1.00667  0.26667  1.54000
38386  1  1  -0.46667  -1.00667  0.28667  1.60000
38492  1  1  -0.46667  -1.00667  0.29333  1.63333
38712  1  3  -0.46667  -1.00667  0.29333  1.63333
41885  2  1  -0.57333  1.08667  -0.01333  0.04667
41992  2  1  -0.57333  1.08667  -0.01333  0.43333
42101  2  1  -0.57333  1.08667  -0.01333  0.56667
42214  2  1  -0.57333  1.08667  -0.01333  0.64000
42322  2  1  -0.57333  1.08667  -0.01333  0.71333
42429  2  1  -0.57333  1.08667  -0.01333  0.76000
42539  2  1  -0.57333  1.08667  -0.01333  0.80667
42648  2  1  -0.57333  1.08667  -0.01333  0.84667
42756  2  1  -0.57333  1.08667  0.01333  0.90667
42866  2  1  -0.57333  1.08667  0.14000  0.96667
42976  2  1  -0.57333  1.08667  0.16667  0.97333
43086  2  3  -0.57333  1.08667  0.16667  0.97333
48118  3  1  0.91333  -0.54667  -0.03333  -0.00667
48226  3  1  0.91333  -0.54667  -0.48667  -0.19333
48338  3  1  0.91333  -0.54667  -1.16667  -0.35333
48450  3  1  0.91333  -0.54667  -1.75333  -0.43333
48556  3  1  0.91333  -0.54667  -2.11333  -0.48667
48669  3  1  0.91333  -0.54667  -2.17333  -0.50000
48992  3  3  0.91333  -0.54667  -2.17333  -0.50000
52605  4  1  -1.01333  -0.51333  -0.03333  0.00000
52711  4  1  -1.01333  -0.51333  -0.46000  -0.04000
52820  4  1  -1.01333  -0.51333  -0.84000  -0.10667
52930  4  1  -1.01333  -0.51333  -1.12667  -0.14000
53044  4  1  -1.01333  -0.51333  -1.26667  -0.16000
53147  4  1  -1.01333  -0.51333  -1.30667  -0.16000
53261  4  1  -1.01333  -0.51333  -1.32000  -0.16000
53480  4  3  -1.01333  -0.51333  -1.32000  -0.16000
57742  3  1  -0.50000  -0.97333  -0.01333  0.03333
57850  3  1  -0.50000  -0.97333  -0.01333  0.33333
57964  3  1  -0.50000  -0.97333  -0.01333  0.79333
58074  3  1  -0.50000  -0.97333  -0.01333  1.15333
58179  3  1  -0.50000  -0.97333  0.01333  1.32667
58295  3  1  -0.50000  -0.97333  0.03333  1.38000
58398  3  1  -0.50000  -0.97333  0.03333  1.38667
58728  3  3  -0.50000  -0.97333  0.03333  1.38667
62336  4  1  -0.52667  1.03333  0.00000  0.02000
62449  4  1  -0.52667  1.03333  0.04667  0.29333
62554  4  1  -0.52667  1.03333  0.14667  0.70667
62668  4  1  -0.52667  1.03333  0.20000  0.87333
62774  4  1  -0.52667  1.03333  0.23333  0.93333
62886  4  1  -0.52667  1.03333  0.26667  0.94667
62991  4  1  -0.52667  1.03333  0.35333  0.96000
63104  4  1  -0.52667  1.03333  0.38667  0.96000
63320  4  3  -0.52667  1.03333  0.38667  0.96000
66491  1  1  0.94667  -0.19333  0.02667  -0.02000
66601  1  1  0.94667  -0.19333  0.47333  -0.14667
66715  1  1  0.94667  -0.19333  0.96000  -0.24667
66823  1  1  0.94667  -0.19333  1.32667  -0.36667
66930  1  1  0.94667  -0.19333  1.56667  -0.48000
67037  1  1  0.94667  -0.19333  1.79333  -0.62000
67152  1  1  0.94667  -0.19333  2.01333  -0.72000
67256  1  1  0.94667  -0.19333  2.11333  -0.79333
67369  1  1  0.94667  -0.19333  2.13333  -0.83333
67478  1  1  0.94667  -0.19333  2.13333  -0.84000
67587  1  1  0.94667  -0.19333  2.13333  -0.84667
67804  1  3  0.94667  -0.19333  2.13333  -0.85333
72944  2  1  -1.02667  -0.52667  -0.06000  0.00000
73054  2  1  -1.02667  -0.52667  -0.50667  -0.00667
73163  2  1  -1.02667  -0.52667  -1.11333  -0.09333
73272  2  1  -1.02667  -0.52667  -1.47333  -0.15333
73384  2  1  -1.02667  -0.52667  -1.62667  -0.17333
73492  2  1  -1.02667  -0.52667  -1.70000  -0.19333
74042  2  3  -1.02667  -0.52667  -1.70000  -0.19333
77868  3  1  0.44667  0.88667  0.07333  -0.18000
77976  3  1  0.44667  0.88667  0.14000  -0.46000
78098  3  1  0.44667  0.88667  0.16667  -0.96000
78198  3  1  0.44667  0.88667  0.13333  -1.30667
78304  3  1  0.44667  0.88667  0.04667  -1.62000
78415  3  1  0.44667  0.88667  0.02000  -1.74000
78527  3  1  0.44667  0.88667  0.00667  -1.79333
78631  3  1  0.44667  0.88667  0.00667  -1.82000
78741  3  1  0.44667  0.88667  0.00667  -1.83333
78853  3  1  0.44667  0.88667  0.00000  -1.84000
78963  3  3  0.44667  0.88667  0.00000  -1.84000
82024  2  1  -0.62667  1.00000  0.00000  0.02000
82134  2  1  -0.62667  1.00000  -0.02000  0.26667
82241  2  1  -0.62667  1.00000  -0.02000  0.64000
82351  2  1  -0.62667  1.00000  0.00000  0.85333
82464  2  1  -0.62667  1.00000  0.02667  0.96000
82571  2  1  -0.62667  1.00000  0.06000  1.02667
82681  2  1  -0.62667  1.00000  0.08667  1.07333
82794  2  1  -0.62667  1.00000  0.12667  1.12000
82897  2  1  -0.62667  1.00000  0.16000  1.14667
83011  2  1  -0.62667  1.00000  0.18000  1.16000
83116  2  1  -0.62667  1.00000  0.20667  1.17333
83667  2  3  -0.62667  1.00000  0.20667  1.17333
87604  3  1  0.97333  -0.34000  0.16000  -0.06000
87714  3  1  0.97333  -0.34000  0.54000  -0.14000
87821  3  1  0.97333  -0.34000  1.05333  -0.23333
87930  3  1  0.97333  -0.34000  1.82000  -0.36667
88038  3  1  0.97333  -0.34000  2.22667  -0.40667
88150  3  1  0.97333  -0.34000  2.26667  -0.40667
88697  3  1  0.97333  -0.34000  2.33333  -0.40667
88804  3  1  0.97333  -0.34000  2.47333  -0.42000
88918  3  1  0.97333  -0.34000  2.56000  -0.42000
89022  3  1  0.97333  -0.34000  2.67333  -0.42667
89135  3  1  0.97333  -0.34000  2.84667  -0.42667
89243  3  1  0.97333  -0.34000  2.92667  -0.42667
89462  3  3  0.97333  -0.34000  2.92667  -0.42667
92741  4  1  -1.00667  -0.58667  -0.02667  0.00000
92854  4  1  -1.00667  -0.58667  -0.24000  0.00000
92964  4  1  -1.00667  -0.58667  -0.49333  -0.03333
93071  4  1  -1.00667  -0.58667  -0.74000  -0.06000
93180  4  1  -1.00667  -0.58667  -0.83333  -0.06667
93289  4  1  -1.00667  -0.58667  -0.88000  -0.07333
93400  4  1  -1.00667  -0.58667  -0.94000  -0.07333
93509  4  1  -1.00667  -0.58667  -0.96667  -0.07333
93618  4  1  -1.00667  -0.58667  -0.98667  -0.07333
93726  4  1  -1.00667  -0.58667  -0.99333  -0.07333
94170  4  3  -1.00667  -0.58667  -0.99333  -0.07333
97663  3  1  -0.40667  -1.02000  -0.02000  0.03333
97773  3  1  -0.40667  -1.02000  -0.05333  0.30000
97884  3  1  -0.40667  -1.02000  -0.09333  0.62000
97993  3  1  -0.40667  -1.02000  -0.09333  0.84000
98101  3  1  -0.40667  -1.02000  -0.09333  0.96667
98212  3  1  -0.40667  -1.02000  -0.08667  1.02000
98322  3  1  -0.40667  -1.02000  -0.07333  1.05333
98429  3  1  -0.40667  -1.02000  -0.07333  1.07333
98542  3  1  -0.40667  -1.02000  -0.06667  1.10667
98651  3  1  -0.40667  -1.02000  -0.06667  1.12000
98759  3  3  -0.40667  -1.02000  -0.06667  1.12000
