t  x  y  th  vel  obstacle
483   1.00000  -1.00000  0  0.00000  0
634   1.00000  -1.00000  -179  0.04055  0
785   0.99392  -1.00000  -179  0.07578  0
935   0.98255  -1.00000  -179  0.10619  0
1086  0.96662  -1.00000  -179  0.13225  0
1236  0.94679  -1.00000  -179  0.15439  0
1388  0.92363  -1.00000  -179  0.17304  0
1539  0.89767  -1.00000  -179  0.18858  0
1689  0.86938  -1.00000  -179  0.20137  0
1841  0.83918  -1.00000  -179  0.21174  0
1991  0.80742  -1.00000  -179  0.22000  0
2143  0.77442  -1.00000  -179  0.22643  0
2294  0.74045  -1.00000  -179  0.23127  0
2445  0.70576  -1.00000  -179  0.23476  0
2595  0.67055  -1.00000  178  0.23731  0
2746  0.63498  -0.99877  174  0.22429  0
2898  0.60151  -0.99527  169  0.20943  0
3049  0.57067  -0.98929  164  0.19770  0
3200  0.54216  -0.98114  159  0.18814  0
3351  0.51581  -0.97104  154  0.18123  0
3502  0.49129  -0.95931  150  0.17620  0
3652  0.46834  -0.94619  146  0.17246  0
3803  0.44677  -0.93191  156  0.17940  0
3955  0.42204  -0.92130  164  0.18920  0
4106  0.39466  -0.91384  170  0.19975  4
4256  0.36509  -0.90904  175  0.20983  4
4407  0.33372  -0.90648  178  0.21881  4
4558  0.30090  -0.90578  -178  0.22641  0
4710  0.26695  -0.90661  -176  0.23256  0
4861  0.23213  -0.90868  -175  0.23732  0
5011  0.19666  -0.91172  -173  0.24077  0
5162  0.16074  -0.91551  -173  0.24306  0
5312  0.12455  -0.91987  -172  0.24433  0
5464  0.08821  -0.92462  -172  0.24473  0
5614  0.05184  -0.92963  -171  0.24437  0
5764  0.01555  -0.93477  -171  0.24340  0
5915  -0.02060  -0.93994  -171  0.24191  0
6066  -0.05652  -0.94505  -172  0.24001  0
6216  -0.09217  -0.95004  -172  0.23778  0
6367  -0.12752  -0.95485  -172  0.23528  0
6519  -0.16251  -0.95941  -172  0.23258  0
6670  -0.19713  -0.96370  -173  0.22971  0
6821  -0.23136  -0.96768  -173  0.22671  0
6973  -0.26517  -0.97131  -174  0.22361  0
7123  -0.29856  -0.97458  -175  0.22042  0
7274  -0.33149  -0.97745  -175  0.21715  0
7425  -0.36398  -0.97990  -176  0.21381  0
7575  -0.39598  -0.98192  -177  0.21038  0
7726  -0.42750  -0.98347  -178  0.20688  0
7878  -0.45851  -0.98454  -178  0.20327  0
8030  -0.48900  -0.98511  -179  0.19957  0
8181  -0.51894  -0.98513  178  0.19575  0
8332  -0.54829  -0.98459  177  0.19181  0
8483  -0.57704  -0.98344  176  0.18775  0
8634  -0.60515  -0.98165  174  0.18357  0
8785  -0.63257  -0.97918  173  0.17927  0
8935  -0.65927  -0.97599  171  0.17487  0
9085  -0.68520  -0.97203  169  0.17041  0
9236  -0.71031  -0.96724  166  0.16593  0
9387  -0.73455  -0.96158  164  0.16149  0
9539  -0.75786  -0.95498  161  0.15718  0
9689  -0.78018  -0.94739  157  0.15311  0
9840  -0.80146  -0.93876  154  0.14940  0
9990  -0.82165  -0.92902  150  0.14620  0
10141  -0.84068  -0.91812  145  0.14367  0
10291  -0.85851  -0.90602  141  0.14196  0
10442  -0.87510  -0.89267  136  0.14120  0
10592  -0.89041  -0.87804  131  0.14147  0
10743  -0.90442  -0.86210  126  0.14275  0
10893  -0.91718  -0.84490  122  0.14488  0
11043  -0.92873  -0.82650  118  0.14768  0
11194  -0.93914  -0.80694  114  0.15099  0
11345  -0.94848  -0.78631  111  0.15463  0
11496  -0.95680  -0.76466  108  0.15846  0
11647  -0.96418  -0.74206  105  0.16236  0
11799  -0.97069  -0.71860  103  0.16622  0
11950  -0.97640  -0.69433  101  0.16997  0
12101  -0.98138  -0.66932  99  0.17355  0
12251  -0.98569  -0.64365  103  0.16995  0
12402  -0.99151  -0.61883  109  0.16033  0
12554  -0.99959  -0.59618  116  0.15343  0
12705  -1.00970  -0.57550  122  0.14864  0
12856  -1.02162  -0.55666  128  0.14522  0
13007  -1.03505  -0.53951  133  0.14339  0
13159  -1.04979  -0.52385  120  0.14734  0
13311  -1.06106  -0.50483  110  0.15607  0
13462  -1.06934  -0.48294  103  0.16684  0
13614  -1.07509  -0.45858  97  0.17790  0
13765  -1.07870  -0.43214  93  0.18832  0
13916  -1.08052  -0.40395  90  0.19762  0
14066  -1.08087  -0.37431  88  0.20561  0
14216  -1.08002  -0.34348  86  0.21227  0
14368  -1.07822  -0.31169  85  0.21765  0
14519  -1.07567  -0.27915  84  0.22186  0
14669  -1.07255  -0.24601  84  0.22502  0
14820  -1.06903  -0.21244  83  0.22725  0
14970  -1.06522  -0.17857  83  0.22869  0
15121  -1.06125  -0.14450  83  0.22945  0
15272  -1.05721  -0.11032  83  0.22964  0
15422  -1.05316  -0.07611  83  0.22935  0
15573  -1.04917  -0.04194  83  0.22868  0
15724  -1.04529  -0.00786  83  0.22770  0
15875  -1.04155  0.02609  83  0.22646  0
16025  -1.03797  0.05987  84  0.22503  0
16176  -1.03456  0.09345  84  0.22344  0
16327  -1.03134  0.12681  84  0.22172  0
16480  -1.02830  0.15993  85  0.21990  0
16630  -1.02543  0.19279  85  0.21799  0
16781  -1.02272  0.22538  85  0.21600  0
16932  -1.02015  0.25768  85  0.21395  0
17083  -1.01770  0.28967  85  0.21181  0
17234  -1.01534  0.32136  85  0.20960  0
17385  -1.01303  0.35271  85  0.20730  0
17536  -1.01075  0.38372  85  0.20489  0
17687  -1.00845  0.41437  85  0.20237  0
17839  -1.00608  0.44463  85  0.19972  0
17989  -1.00361  0.47449  84  0.19692  0
18139  -1.00098  0.50391  84  0.19396  0
18290  -0.99814  0.53286  83  0.19082  0
18440  -0.99503  0.56132  82  0.18751  0
18590  -0.99159  0.58923  82  0.18401  0
18741  -0.98776  0.61657  80  0.18033  0
18893  -0.98348  0.64328  79  0.17648  0
19044  -0.97868  0.66931  77  0.17249  0
19194  -0.97328  0.69461  76  0.16838  0
19345  -0.96722  0.71913  73  0.16421  0
19496  -0.96043  0.74281  71  0.16006  0
19647  -0.95282  0.76558  68  0.15601  0
19798  -0.94433  0.78739  65  0.15218  0
19949  -0.93489  0.80817  62  0.14871  0
20100  -0.92442  0.82787  58  0.14575  0
20250  -0.91287  0.84643  53  0.14345  0
20401  -0.90017  0.86380  49  0.14198  0
20551  -0.88628  0.87994  44  0.14144  0
20701  -0.87115  0.89482  39  0.14193  0
20851  -0.85477  0.90841  35  0.14337  0
21001  -0.83717  0.92078  30  0.14561  0
21152  -0.81841  0.93196  26  0.14849  0
21302  -0.79854  0.94202  23  0.15183  0
21454  -0.77762  0.95103  20  0.15547  0
21604  -0.75572  0.95905  17  0.15927  0
21755  -0.73291  0.96615  14  0.16312  0
21907  -0.70926  0.97241  12  0.16693  0
22058  -0.68483  0.97789  10  0.17061  0
22209  -0.65968  0.98266  9  0.17413  0
22359  -0.63389  0.98679  7  0.17743  0
22511  -0.60751  0.99033  6  0.18050  0
22661  -0.58061  0.99335  5  0.18332  0
22813  -0.55323  0.99589  4  0.18590  0
22964  -0.52542  0.99802  3  0.18823  0
23116  -0.49724  0.99978  2  0.19033  0
23267  -0.46873  1.00122  2  0.19221  0
23419  -0.43992  1.00237  1  0.19388  0
23569  -0.41086  1.00328  1  0.19536  0
23721  -0.38156  1.00399  1  0.19666  0
23872  -0.35207  1.00452  0  0.19780  2
24023  -0.32240  1.00491  0  0.19879  2
24175  -0.29258  1.00518  0  0.19965  2
24326  -0.26263  1.00535  0  0.20039  0
24477  -0.23258  1.00545  0  0.20102  0
24628  -0.20242  1.00549  0  0.20155  0
24779  -0.17219  1.00549  0  0.20199  0
24930  -0.14189  1.00546  0  0.20235  0
25081  -0.11154  1.00542  0  0.20263  0
25232  -0.08115  1.00536  0  0.20285  0
25383  -0.05072  1.00529  0  0.20300  0
25535  -0.02027  1.00523  0  0.20308  0
25685  0.01019  1.00517  0  0.20310  0
25836  0.04066  1.00510  0  0.20306  0
25986  0.07112  1.00504  0  0.20295  0
26137  0.10156  1.00498  0  0.20277  0
26288  0.13198  1.00490  0  0.20251  0
26439  0.16235  1.00481  0  0.20218  0
26591  0.19268  1.00469  0  0.20174  0
26743  0.22294  1.00453  0  0.20121  0
26895  0.25312  1.00432  0  0.20057  0
27046  0.28320  1.00404  0  0.19980  0
27197  0.31317  1.00367  0  0.19889  0
27347  0.34300  1.00319  -1  0.19784  0
27498  0.37267  1.00257  -1  0.19661  0
27649  0.40215  1.00180  -1  0.19521  0
27799  0.43142  1.00083  -2  0.19360  0
27949  0.46043  0.99964  -2  0.19179  0
28100  0.48917  0.99818  -3  0.18975  0
28251  0.51757  0.99642  -4  0.18748  0
28403  0.54562  0.99432  -5  0.18497  0
28554  0.57325  0.99182  -6  0.18220  0
28705  0.60042  0.98888  -7  0.17920  0
28856  0.62708  0.98543  -8  0.17596  0
29007  0.65317  0.98144  -10  0.17250  0
29159  0.67863  0.97682  -12  0.16886  0
29310  0.70340  0.97153  -14  0.16508  0
29460  0.72741  0.96549  -16  0.16122  0
29612  0.75060  0.95864  -19  0.15737  0
29762  0.77291  0.95090  -22  0.15363  0
29913  0.79425  0.94222  -25  0.15013  0
30064  0.81457  0.93252  -29  0.14701  0
30215  0.83381  0.92173  -33  0.14444  0
30365  0.85190  0.90981  -37  0.14258  0
30516  0.86879  0.89669  -42  0.14159  0
30667  0.88444  0.88233  -47  0.14157  0
30819  0.89881  0.86670  -52  0.14253  0
30971  0.91194  0.84983  -56  0.14435  0
31122  0.92387  0.83176  -60  0.14689  0
31273  0.93466  0.81254  -64  0.14997  0
31425  0.94436  0.79225  -67  0.15343  0
31575  0.95304  0.77093  -70  0.15714  0
31725  0.96077  0.74867  -73  0.16095  0
31877  0.96761  0.72551  -75  0.16477  0
32027  0.97363  0.70154  -77  0.16852  0
32178  0.97891  0.67682  -79  0.17212  0
32329  0.98349  0.65141  -81  0.17554  0
32481  0.98746  0.62538  -82  0.17873  0
32633  0.99086  0.59879  -83  0.18169  0
32784  0.99375  0.57169  -84  0.18441  0
32935  0.99619  0.54413  -85  0.18688  0
33085  0.99823  0.51618  -86  0.18911  0
33235  0.99992  0.48786  -87  0.19111  0
33385  1.00129  0.45923  -87  0.19290  0
33536  1.00240  0.43031  -88  0.19449  0
33687  1.00327  0.40115  -88  0.19589  0
33838  1.00394  0.37178  -89  0.19712  0
33988  1.00445  0.34221  -89  0.19820  2
34139  1.00482  0.31249  -89  0.19914  2
34289  1.00508  0.28262  -89  0.19994  2
34440  1.00525  0.25263  -89  0.20063  0
34590  1.00534  0.22253  -89  0.20122  0
34740  1.00539  0.19235  -89  0.20171  0
34892  1.00539  0.16209  -90  0.20212  0
35042  1.00537  0.13177  -90  0.20245  0
35193  1.00532  0.10141  -90  0.20271  0
35344  1.00527  0.07100  -90  0.20289  0
35495  1.00522  0.04057  -90  0.20302  0
35647  1.00516  0.01011  -90  0.20308  0
35798  1.00510  -0.02035  -90  0.20307  0
35950  1.00504  -0.05081  -90  0.20301  0
36102  1.00498  -0.08126  -90  0.20287  0
36253  1.00491  -0.11169  -90  0.20266  0
36405  1.00483  -0.14209  -90  0.20237  0
36557  1.00473  -0.17244  -90  0.20200  0
36707  1.00460  -0.20274  -90  0.20153  0
36858  1.00442  -0.23297  -90  0.20096  0
37009  1.00418  -0.26312  -90  0.20027  0
37160  1.00387  -0.29315  -90  0.19945  0
37312  1.00346  -0.32307  -91  0.19850  0
37463  1.00293  -0.35284  -91  0.19738  0
37615  1.00225  -0.38244  -91  0.19609  0
37767  1.00141  -0.41184  -92  0.19462  0
37917  1.00036  -0.44102  -92  0.19295  0
38068  0.99907  -0.46993  -93  0.19106  0
38220  0.99751  -0.49855  -93  0.18895  0
38371  0.99562  -0.52683  -94  0.18659  0
38522  0.99338  -0.55472  -95  0.18400  0
38674  0.99073  -0.58220  -96  0.18116  0
38824  0.98761  -0.60919  -97  0.17807  0
38975  0.98398  -0.63565  -99  0.17476  0
39126  0.97977  -0.66153  -100  0.17125  0
39276  0.97493  -0.68676  -102  0.16757  0
39427  0.96939  -0.71127  -104  0.16376  0
39578  0.96308  -0.73501  -107  0.15991  0
39730  0.95593  -0.75791  -110  0.15610  0
39881  0.94789  -0.77990  -113  0.15244  0
40032  0.93888  -0.80091  -116  0.14906  0
40182  0.92883  -0.82089  -120  0.14612  0
40333  0.91768  -0.83976  -124  0.14377  0
40485  0.90539  -0.85748  -129  0.14218  0
40636  0.89189  -0.87399  -134  0.14147  0
40786  0.87714  -0.88925  -138  0.14176  0
40937  0.86113  -0.90324  -143  0.14300  0
41088  0.84388  -0.91600  -147  0.14507  0
41240  0.82545  -0.92756  -151  0.14780  0
41391  0.80589  -0.93800  -155  0.15103  0
41542  0.78527  -0.94738  -158  0.15460  0
41693  0.76364  -0.95575  -161  0.15836  0
41844  0.74108  -0.96318  -164  0.16219  0
41995  0.71766  -0.96975  -166  0.16600  0
42146  0.69343  -0.97552  -168  0.16972  0
42296  0.66848  -0.98057  -170  0.17327  0
42446  0.64286  -0.98494  -171  0.17662  0
42597  0.61664  -0.98871  -173  0.17975  0
42749  0.58987  -0.99194  -174  0.18263  0
42900  0.56261  -0.99467  -175  0.18527  0
43052  0.53492  -0.99698  -176  0.18766  0
43203  0.50683  -0.99889  -176  0.18981  0
43354  0.47841  -1.00046  -177  0.19174  0
43504  0.44967  -1.00174  -177  0.19347  0
43656  0.42067  -1.00276  -178  0.19499  0
43834  0.39143  -1.00356  -178  0.19634  0
43984  0.36199  -1.00417  -179  0.19752  4
44135  0.33236  -1.00462  -179  0.19854  4
44286  0.30258  -1.00495  -179  0.19943  4
44436  0.27267  -1.00517  -179  0.20020  0
44586  0.24264  -1.00531  -179  0.20085  0
44736  0.21251  -1.00539  -179  0.20141  0
44887  0.18230  -1.00541  179  0.20187  0
45039  0.15202  -1.00540  179  0.20225  0
45189  0.12168  -1.00537  179  0.20255  0
45339  0.09130  -1.00532  179  0.20278  0
45490  0.06088  -1.00526  179  0.20294  0
45643  0.03044  -1.00520  179  0.20304  0
45792  -0.00001  -1.00514  179  0.20308  0
45942  -0.03048  -1.00507  179  0.20305  0
46092  -0.06093  -1.00501  179  0.20296  0
46243  -0.09138  -1.00495  179  0.20280  0
46393  -0.12180  -1.00487  179  0.20256  0
46544  -0.15218  -1.00478  179  0.20224  0
46695  -0.18252  -1.00467  179  0.20183  0
46845  -0.21279  -1.00451  179  0.20133  0
46996  -0.24299  -1.00431  179  0.20072  0
47146  -0.27310  -1.00405  179  0.19998  0
47296  -0.30309  -1.00370  179  0.19912  0
47446  -0.33296  -1.00324  178  0.19811  0
47596  -0.36267  -1.00266  178  0.19693  0
47746  -0.39220  -1.00193  178  0.19559  0
47897  -0.42152  -1.00101  177  0.19405  0
48048  -0.45061  -0.99988  177  0.19230  0
48199  -0.47942  -0.99849  176  0.19034  0
48350  -0.50792  -0.99682  175  0.18815  0
48501  -0.53607  -0.99482  175  0.18571  0
48652  -0.56383  -0.99244  174  0.18304  0
48802  -0.59114  -0.98963  173  0.18012  0
48953  -0.61796  -0.98634  171  0.17697  0
49103  -0.64422  -0.98252  170  0.17359  0
49254  -0.66988  -0.97811  168  0.17002  0
49405  -0.69488  -0.97303  166  0.16630  0
49555  -0.71914  -0.96724  164  0.16248  0
49705  -0.74261  -0.96066  161  0.15864  0
49856  -0.76521  -0.95322  158  0.15488  0
50007  -0.78689  -0.94487  155  0.15131  0
50157  -0.80758  -0.93553  152  0.14806  0
50308  -0.82720  -0.92513  148  0.14530  0
50458  -0.84571  -0.91363  143  0.14318  0
50609  -0.86306  -0.90096  139  0.14186  0
50759  -0.87918  -0.88708  134  0.14145  0
50910  -0.89406  -0.87195  129  0.14204  0
51061  -0.90767  -0.85556  125  0.14356  0
51211  -0.92005  -0.83794  120  0.14587  0
51362  -0.93126  -0.81915  116  0.14878  0
51513  -0.94135  -0.79924  113  0.15215  0
51664  -0.95039  -0.77829  110  0.15580  0
51814  -0.95845  -0.75635  107  0.15961  0
51965  -0.96560  -0.73350  104  0.16346  0
52115  -0.97189  -0.70980  102  0.16726  0
52265  -0.97742  -0.68533  100  0.17093  0
52416  -0.98223  -0.66014  99  0.17443  0
52567  -0.98639  -0.63431  97  0.17772  0
52718  -0.98997  -0.60789  96  0.18077  0
52868  -0.99302  -0.58095  101  0.17139  0
53020  -0.99809  -0.55575  107  0.16128  0
53170  -1.00526  -0.53264  113  0.15329  0
53320  -1.01441  -0.51155  119  0.14803  0
53471  -1.02534  -0.49222  124  0.14493  0
53621  -1.03780  -0.47441  129  0.14339  0
53772  -1.05157  -0.45788  117  0.14915  0
53923  -1.06203  -0.43810  108  0.15883  0
54074  -1.06965  -0.41553  101  0.16995  0
54226  -1.07487  -0.39058  96  0.18101  0
54376  -1.07806  -0.36362  93  0.19124  0
54527  -1.07956  -0.33497  90  0.20026  0
54678  -1.07968  -0.30493  88  0.20794  0
54828  -1.07867  -0.27375  86  0.21428  0
54980  -1.07676  -0.24167  85  0.21935  0
55131  -1.07416  -0.20887  84  0.22328  0
55282  -1.07104  -0.17552  84  0.22617  0
55432  -1.06754  -0.14178  83  0.22816  0
55583  -1.06380  -0.10776  83  0.22938  0
55734  -1.05990  -0.07357  83  0.22994  0
55885  -1.05594  -0.03931  83  0.22994  0
56036  -1.05198  -0.00505  83  0.22948  0
56186  -1.04808  0.02915  83  0.22864  0
56337  -1.04428  0.06324  83  0.22749  0
56487  -1.04060  0.09716  84  0.22608  0
56637  -1.03707  0.13089  84  0.22446  0
56788  -1.03370  0.16439  84  0.22267  0
56938  -1.03048  0.19764  84  0.22075  0
57089  -1.02741  0.23060  84  0.21869  0
57239  -1.02447  0.26328  85  0.21653  0
57390  -1.02165  0.29563  85  0.21426  0
57541  -1.01892  0.32766  85  0.21189  0
57692  -1.01626  0.35933  85  0.20940  0
57842  -1.01362  0.39063  85  0.20681  0
57994  -1.01096  0.42153  84  0.20408  0
58145  -1.00826  0.45203  84  0.20122  0
58296  -1.00545  0.48208  84  0.19821  0
58446  -1.00248  0.51166  83  0.19503  0
58597  -0.99931  0.54074  83  0.19168  0
58749  -0.99588  0.56929  82  0.18816  0
58902  -0.99211  0.59726  81  0.18445  0
59052  -0.98796  0.62462  80  0.18057  0
59203  -0.98335  0.65130  78  0.17652  0
59354  -0.97821  0.67728  77  0.17235  0
59505  -0.97247  0.70249  75  0.16808  0
59655  -0.96605  0.72687  73  0.16378  0
59805  -0.95888  0.75037  70  0.15953  0
59957  -0.95089  0.77292  67  0.15543  0
60108  -0.94199  0.79447  64  0.15160  0
60260  -0.93212  0.81496  60  0.14818  0
60411  -0.92121  0.83432  56  0.14534  0
60562  -0.90919  0.85251  52  0.14324  0
60714  -0.89599  0.86947  47  0.14203  0
60865  -0.88159  0.88516  42  0.14183  0
61016  -0.86593  0.89956  37  0.14264  0
61166  -0.84904  0.91270  33  0.14434  0
61317  -0.83097  0.92463  29  0.14677  0
61469  -0.81177  0.93541  25  0.14978  0
61621  -0.79150  0.94509  22  0.15319  0
61772  -0.77021  0.95374  19  0.15686  0
61922  -0.74798  0.96144  16  0.16065  0
62072  -0.72486  0.96824  14  0.16446  0
62222  -0.70093  0.97423  11  0.16820  0
62373  -0.67625  0.97946  10  0.17180  0
62523  -0.65088  0.98401  8  0.18438  0
62673  -0.62353  0.98809  12  0.18031  0
62823  -0.59708  0.99372  16  0.17526  0
62974  -0.57193  1.00138  21  0.17246  0
63125  -0.54783  1.01078  25  0.17115  0
63275  -0.52457  1.02165  27  0.17198  0
63425  -0.50176  1.03370  30  0.17307  0
63576  -0.47929  1.04670  22  0.17427  0
63726  -0.45510  1.05661  15  0.17787  0
63876  -0.42942  1.06385  10  0.18273  0
64026  -0.40247  1.06884  6  0.18802  0
64178  -0.37443  1.07192  2  0.19324  2
64329  -0.34548  1.07341  0  0.19806  2
64480  -0.31578  1.07360  -1  0.20232  2
64631  -0.28544  1.07273  -3  0.20595  0
64781  -0.25460  1.07101  -4  0.20895  0
64932  -0.22334  1.06864  -5  0.21134  0
65084  -0.19177  1.06577  -5  0.21316  0
65235  -0.15996  1.06255  -6  0.21448  0
65386  -0.12798  1.05909  -6  0.21535  0
65538  -0.09588  1.05549  -6  0.21584  0
65689  -0.06371  1.05183  -6  0.21600  0
65841  -0.03151  1.04817  -6  0.21589  0
65993  0.00067  1.04458  -6  0.21555  0
66144  0.03281  1.04108  -6  0.21501  0
66295  0.06489  1.03770  -5  0.21432  0
66445  0.09687  1.03447  -5  0.21348  0
66597  0.12875  1.03140  -5  0.21253  0
66748  0.16049  1.02849  -4  0.21147  0
66900  0.19209  1.02573  -4  0.21032  0
67050  0.22353  1.02311  -4  0.20907  0
67201  0.25479  1.02062  -4  0.20772  0
67352  0.28586  1.01825  -4  0.20627  0
67502  0.31672  1.01595  -4  0.20471  0
67652  0.34734  1.01372  -4  0.20303  0
67803  0.37771  1.01150  -4  0.20121  0
67955  0.40781  1.00927  -4  0.19924  0
68106  0.43761  1.00698  -4  0.19711  0
68259  0.46708  1.00459  -4  0.19479  0
68409  0.49619  1.00205  -5  0.19229  0
68560  0.52490  0.99931  -6  0.18958  0
68711  0.55318  0.99632  -6  0.18666  0
68862  0.58098  0.99301  -7  0.18352  0
69011  0.60826  0.98934  -8  0.18016  0
69163  0.63497  0.98522  -10  0.17660  0
69315  0.66106  0.98061  -11  0.17285  0
69466  0.68646  0.97542  -13  0.16896  0
69617  0.71113  0.96959  -15  0.16496  0
69768  0.73499  0.96304  -17  0.16093  0
69919  0.75799  0.95571  -20  0.15695  0
70071  0.78006  0.94751  -23  0.15314  0
70222  0.80113  0.93838  -26  0.14961  0
70373  0.82116  0.92824  -30  0.14654  0
70524  0.84006  0.91704  -34  0.14406  0
70675  0.85780  0.90470  -39  0.14236  0
70827  0.87433  0.89117  -44  0.14155  0
70977  0.88960  0.87642  -48  0.14175  0
71129  0.90359  0.86041  -53  0.14292  0
71279  0.91634  0.84317  -57  0.14493  0
71431  0.92790  0.82476  -61  0.14761  0
71581  0.93833  0.80523  -65  0.15080  0
71732  0.94769  0.78464  -68  0.15435  0
71883  0.95604  0.76304  -71  0.15809  0
72034  0.96346  0.74052  -74  0.16192  0
72185  0.97001  0.71713  -76  0.16573  0
72335  0.97577  0.69295  -78  0.16944  0
72486  0.98079  0.66803  -80  0.17300  0
72637  0.98515  0.64245  -81  0.17637  0
72787  0.98890  0.61626  -83  0.17950  0
72940  0.99211  0.58953  -84  0.18240  0
73091  0.99483  0.56230  -85  0.18505  0
73241  0.99711  0.53464  -86  0.18745  0
73394  0.99901  0.50659  -86  0.18962  0
73544  1.00057  0.47819  -87  0.19157  0
73696  1.00184  0.44948  -88  0.19331  0
73846  1.00284  0.42050  -88  0.19485  0
73997  1.00363  0.39128  -88  0.19621  0
74147  1.00423  0.36186  -89  0.19740  2
74298  1.00468  0.33225  -89  0.19844  2
74448  1.00500  0.30249  -89  0.19934  2
74599  1.00521  0.27259  -89  0.20011  0
74750  1.00535  0.24257  -89  0.20078  0
74900  1.00541  0.21246  -89  0.20134  0
75051  1.00543  0.18225  -90  0.20181  0
75203  1.00542  0.15198  -90  0.20220  0
75354  1.00538  0.12165  -90  0.20250  0
75506  1.00533  0.09128  -90  0.20274  0
75656  1.00527  0.06087  -90  0.20291  0
75807  1.00520  0.03043  -90  0.20302  0
75957  1.00514  -0.00002  -90  0.20306  0
76107  1.00508  -0.03048  -90  0.20303  0
76258  1.00501  -0.06094  -90  0.20294  0
76408  1.00495  -0.09138  -90  0.20278  0
76559  1.00487  -0.12179  -90  0.20255  0
76709  1.00478  -0.15218  -90  0.20223  0
76860  1.00466  -0.18251  -90  0.20183  0
77010  1.00451  -0.21278  -90  0.20133  0
77160  1.00431  -0.24298  -90  0.20071  0
77310  1.00404  -0.27309  -90  0.19998  0
77461  1.00369  -0.30308  -90  0.19912  0
77612  1.00324  -0.33295  -91  0.19811  0
77763  1.00266  -0.36266  -91  0.19694  0
77913  1.00192  -0.39219  -91  0.19559  0
78065  1.00101  -0.42151  -92  0.19405  0
78215  0.99987  -0.45060  -92  0.19230  0
78366  0.99849  -0.47941  -93  0.19034  0
78518  0.99682  -0.50791  -94  0.18815  0
78669  0.99482  -0.53607  -94  0.18572  0
78820  0.99244  -0.56382  -95  0.18304  0
78971  0.98963  -0.59113  -96  0.18012  0
79122  0.98634  -0.61795  -98  0.17697  0
79273  0.98252  -0.64422  -99  0.17359  0
79424  0.97810  -0.66988  -101  0.17002  0
79575  0.97303  -0.69488  -103  0.16630  0
79726  0.96724  -0.71914  -105  0.16248  0
79878  0.96066  -0.74261  -108  0.15864  0
80029  0.95322  -0.76521  -111  0.15488  0
80180  0.94487  -0.78689  -114  0.15131  0
80331  0.93553  -0.80757  -117  0.14806  0
80481  0.92513  -0.82720  -121  0.14530  0
80632  0.91363  -0.84571  -126  0.14318  0
80784  0.90096  -0.86305  -130  0.14186  0
80934  0.88708  -0.87918  -135  0.14145  0
81085  0.87195  -0.89406  -140  0.14204  0
81236  0.85556  -0.90767  -144  0.14356  0
81388  0.83794  -0.92005  -149  0.14587  0
81539  0.81915  -0.93126  -153  0.14878  0
81690  0.79924  -0.94135  -156  0.15215  0
81840  0.77829  -0.95039  -159  0.15580  0
81991  0.75635  -0.95845  -162  0.15961  0
82143  0.73350  -0.96560  -165  0.16346  0
82294  0.70980  -0.97189  -167  0.16726  0
82447  0.68533  -0.97742  -169  0.17093  0
82597  0.66014  -0.98223  -170  0.17443  0
82747  0.63431  -0.98639  -172  0.17772  0
82899  0.60789  -0.98997  -173  0.18077  0
83049  0.58095  -0.99302  -174  0.18358  0
83200  0.55354  -0.99560  -175  0.18613  0
83351  0.52570  -0.99776  -176  0.18845  0
83502  0.49749  -0.99955  -177  0.19053  0
83654  0.46895  -1.00101  -177  0.19239  0
83805  0.44011  -1.00219  -178  0.19404  0
83956  0.41102  -1.00312  -178  0.19551  0
84107  0.38170  -1.00385  -178  0.19680  4
84257  0.35219  -1.00440  -179  0.19792  4
84408  0.32251  -1.00481  -179  0.19890  4
84559  0.29267  -1.00509  -179  0.19975  0
84710  0.26271  -1.00528  -179  0.20047  0
84862  0.23264  -1.00539  -179  0.20109  0
85013  0.20248  -1.00544  -179  0.20161  0
85164  0.17223  -1.00545  179  0.20205  0
85316  0.14193  -1.00543  179  0.20240  0
85466  0.11157  -1.00539  179  0.20268  0
85617  0.08117  -1.00534  179  0.20288  0
85767  0.05073  -1.00528  179  0.20303  0
85917  0.02028  -1.00522  179  0.20311  0
86068  -0.01019  -1.00516  179  0.20313  0
86219  -0.04066  -1.00510  179  0.20308  0
86369  -0.07112  -1.00504  179  0.20297  0
86519  -0.10156  -1.00498  179  0.20278  0
86670  -0.13198  -1.00491  179  0.20252  0
86822  -0.16236  -1.00481  179  0.20218  0
86972  -0.19269  -1.00470  179  0.20175  0
87123  -0.22295  -1.00454  179  0.20122  0
87274  -0.25313  -1.00433  179  0.20057  0
87425  -0.28321  -1.00405  179  0.19980  0
87576  -0.31318  -1.00368  179  0.19889  0
87726  -0.34301  -1.00320  178  0.19783  0
87878  -0.37268  -1.00258  178  0.19661  0
88029  -0.40216  -1.00181  178  0.19520  0
88181  -0.43143  -1.00084  177  0.19360  0
88331  -0.46044  -0.99964  177  0.19179  0
88482  -0.48917  -0.99819  176  0.18975  0
88633  -0.51758  -0.99643  175  0.18748  0
88785  -0.54562  -0.99432  174  0.18496  0
88936  -0.57326  -0.99182  173  0.18220  0
89087  -0.60043  -0.98888  172  0.17920  0
89238  -0.62709  -0.98544  171  0.17595  0
89391  -0.65317  -0.98144  169  0.17250  0
89541  -0.67863  -0.97683  167  0.16886  0
89692  -0.70340  -0.97153  165  0.16507  0
89844  -0.72742  -0.96549  163  0.16122  0
89995  -0.75061  -0.95864  160  0.15737  0
90146  -0.77291  -0.95091  157  0.15363  0
90297  -0.79425  -0.94222  154  0.15013  0
90448  -0.81458  -0.93252  150  0.14701  0
90598  -0.83381  -0.92174  146  0.14444  0
90748  -0.85190  -0.90981  142  0.14258  0
90898  -0.86879  -0.89669  137  0.14159  0
91048  -0.88444  -0.88233  132  0.14157  0
91198  -0.89881  -0.86670  127  0.14253  0
91349  -0.91194  -0.84983  123  0.14435  0
91500  -0.92387  -0.83176  119  0.14689  0
91651  -0.93466  -0.81254  115  0.14997  0
91801  -0.94436  -0.79225  112  0.15343  0
91952  -0.95304  -0.77093  109  0.15714  0
92103  -0.96077  -0.74867  106  0.16095  0
92253  -0.96761  -0.72551  104  0.16478  0
92404  -0.97363  -0.70154  102  0.16852  0
92555  -0.97891  -0.67682  100  0.17212  0
92706  -0.98349  -0.65141  98  0.17554  0
92857  -0.98746  -0.62538  97  0.17873  0
93007  -0.99086  -0.59879  100  0.17447  0
93157  -0.99579  -0.57308  105  0.16705  0
93309  -1.00250  -0.54894  110  0.15998  0
93459  -1.01100  -0.52650  115  0.15470  0
93610  -1.02112  -0.50562  120  0.15114  0
93762  -1.03265  -0.48610  124  0.14892  0
93914  -1.04537  -0.46774  128  0.14766  0
94065  -1.05911  -0.45036  131  0.14707  0
94215  -1.07364  -0.43377  133  0.14687  0
94367  -1.08876  -0.41774  119  0.15116  0
94517  -1.09979  -0.39793  108  0.16163  0
94668  -1.10735  -0.37490  100  0.17450  0
94819  -1.11199  -0.34914  94  0.18752  0
94971  -1.11418  -0.32109  90  0.19953  0
95120  -1.11437  -0.29117  87  0.21000  0
95271  -1.11293  -0.25970  85  0.21877  0
95422  -1.11019  -0.22700  83  0.22585  0
95573  -1.10644  -0.19333  82  0.23135  0
95724  -1.10192  -0.15892  81  0.23541  0
95875  -1.09685  -0.12398  81  0.23822  0
96026  -1.09140  -0.08866  80  0.23993  0
96176  -1.08573  -0.05312  80  0.24070  0
96326  -1.07995  -0.01748  80  0.24070  0
96477  -1.07417  0.01816  80  0.24004  0
96628  -1.06846  0.05371  81  0.23885  0
96778  -1.06289  0.08910  81  0.23723  0
96928  -1.05749  0.12427  81  0.23526  0
97079  -1.05229  0.15918  81  0.23301  0
97229  -1.04732  0.19377  82  0.23054  0
97380  -1.04257  0.22802  82  0.22789  0
97530  -1.03804  0.26191  82  0.22510  0
97680  -1.03371  0.29539  82  0.22218  0
97831  -1.02956  0.32846  83  0.21915  0
97982  -1.02557  0.36109  83  0.21602  0
98133  -1.02169  0.39326  83  0.21278  0
98283  -1.01788  0.42495  83  0.20944  0
98434  -1.01411  0.45614  82  0.20598  0
98584  -1.01030  0.48680  82  0.20240  0
98734  -1.00642  0.51691  82  0.19868  0
98884  -1.00239  0.54644  81  0.19482  0
99034  -0.99816  0.57535  80  0.19081  0
99185  -0.99366  0.60362  80  0.18666  0
99336  -0.98881  0.63120  78  0.18236  0
99488  -0.98355  0.65804  77  0.17794  0
99639  -0.97779  0.68410  75  0.17343  0
99790  -0.97147  0.70934  74  0.16887  0
99941  -0.96449  0.73369  71  0.16433  0
