t  x  y  th  vel  obstacle
272   -1.00000  -1.00000  0  0.00000  0
422   -1.00000  -1.00000  89  0.04055  0
573   -1.00000  -0.99392  89  0.07578  0
724   -1.00000  -0.98255  89  0.10619  0
874   -1.00000  -0.96662  89  0.13225  0
1025  -1.00000  -0.94679  89  0.15439  0
1176  -1.00000  -0.92363  89  0.17304  0
1327  -1.00000  -0.89767  89  0.18858  0
1478  -1.00000  -0.86938  89  0.20137  0
1629  -1.00000  -0.83918  89  0.21174  0
1781  -1.00000  -0.80742  89  0.22000  0
1932  -1.00000  -0.77442  89  0.22643  0
2084  -1.00000  -0.74045  89  0.23127  0
2235  -1.00000  -0.70576  89  0.23476  0
2385  -1.00000  -0.67055  89  0.23709  0
2536  -1.00000  -0.63499  90  0.23846  0
2686  -1.00000  -0.59922  90  0.23903  0
2838  -1.00000  -0.56336  90  0.23894  0
2989  -1.00001  -0.52752  90  0.23833  0
3141  -1.00002  -0.49177  90  0.23731  0
3291  -1.00004  -0.45618  90  0.23597  0
3441  -1.00006  -0.42078  90  0.23438  0
3592  -1.00010  -0.38562  90  0.23264  0
3742  -1.00015  -0.35073  90  0.23078  0
3892  -1.00022  -0.31611  90  0.22886  0
4044  -1.00030  -0.28178  90  0.22692  0
4195  -1.00040  -0.24774  90  0.22499  0
4345  -1.00051  -0.21400  90  0.22310  0
4495  -1.00064  -0.18053  90  0.22126  0
4645  -1.00079  -0.14734  90  0.21949  0
4796  -1.00095  -0.11442  90  0.21780  0
4947  -1.00113  -0.08175  90  0.21619  0
5098  -1.00132  -0.04932  90  0.21466  0
5248  -1.00152  -0.01712  90  0.21321  0
5399  -1.00172  0.01486  90  0.21183  0
5552  -1.00192  0.04663  90  0.21052  0
5701  -1.00212  0.07821  90  0.20927  0
5851  -1.00230  0.10960  90  0.20806  0
6002  -1.00246  0.14080  90  0.20688  0
6154  -1.00258  0.17184  90  0.20572  0
6305  -1.00267  0.20269  90  0.20456  0
6456  -1.00269  0.23338  89  0.20338  0
6606  -1.00265  0.26388  89  0.20216  0
6758  -1.00251  0.29421  89  0.20088  0
6910  -1.00226  0.32434  89  0.19953  0
7063  -1.00188  0.35427  88  0.19808  0
7215  -1.00134  0.38397  88  0.19651  0
7364  -1.00062  0.41344  88  0.19480  0
7515  -0.99968  0.44264  87  0.19293  0
7666  -0.99850  0.47156  87  0.19088  0
7817  -0.99702  0.50015  86  0.18864  0
7969  -0.99522  0.52839  85  0.18618  0
8120  -0.99305  0.55623  84  0.18351  0
8270  -0.99046  0.58364  83  0.18062  0
8421  -0.98740  0.61056  82  0.17750  0
8573  -0.98381  0.63694  80  0.17417  0
8725  -0.97965  0.66273  79  0.17065  0
8875  -0.97484  0.68787  77  0.16697  4
9026  -0.96933  0.71230  69  0.15580  4
9178  -0.96105  0.73416  61  0.14862  4
9329  -0.95029  0.75368  53  0.14490  0
9478  -0.93728  0.77109  46  0.14393  0
9630  -0.92229  0.78663  39  0.14493  0
9781  -0.90555  0.80050  34  0.14721  0
9933  -0.88727  0.81289  29  0.15020  0
10083  -0.86767  0.82400  25  0.15348  0
10234  -0.84693  0.83398  22  0.15679  0
10385  -0.82520  0.84298  19  0.15995  0
10535  -0.80263  0.85111  17  0.16278  0
10690  -0.77936  0.85853  15  0.16522  0
10842  -0.75553  0.86533  14  0.16726  0
10992  -0.73125  0.87163  13  0.16890  0
11143  -0.70660  0.87751  12  0.17018  0
11293  -0.68168  0.88304  11  0.17115  0
11443  -0.65655  0.88830  11  0.17186  0
11593  -0.63127  0.89333  10  0.17236  0
11744  -0.60587  0.89817  10  0.17270  0
11895  -0.58040  0.90287  10  0.17293  0
12045  -0.55486  0.90743  9  0.17310  0
12196  -0.52928  0.91188  9  0.17323  0
12347  -0.50366  0.91623  9  0.17336  0
12498  -0.47801  0.92048  9  0.17351  0
12648  -0.45232  0.92465  8  0.17371  0
12799  -0.42658  0.92872  8  0.17397  0
12950  -0.40079  0.93270  8  0.17431  0
13102  -0.37494  0.93659  8  0.17473  0
13257  -0.34900  0.94037  8  0.17524  0
13407  -0.32297  0.94405  7  0.17583  0
13558  -0.29684  0.94763  7  0.17651  0
13709  -0.27060  0.95109  7  0.17726  0
13859  -0.24422  0.95444  6  0.17808  0
14009  -0.21770  0.95767  6  0.17895  0
14159  -0.19104  0.96078  6  0.17988  0
14309  -0.16423  0.96378  6  0.18085  0
14459  -0.13725  0.96664  5  0.18184  0
14610  -0.11011  0.96939  5  0.18285  0
14760  -0.08281  0.97201  5  0.18386  0
14911  -0.05534  0.97451  4  0.18487  0
15062  -0.02772  0.97688  4  0.18585  0
15213  0.00007  0.97913  4  0.18680  0
15363  0.02801  0.98125  4  0.18771  0
15513  0.05610  0.98325  3  0.18857  0
15664  0.08432  0.98512  3  0.18935  0
15814  0.11267  0.98686  3  0.19006  0
15964  0.14113  0.98847  2  0.19067  0
16115  0.16969  0.98995  2  0.19118  0
16266  0.19834  0.99129  2  0.19158  0
16417  0.22705  0.99248  2  0.19185  0
16567  0.25581  0.99351  1  0.19197  0
16717  0.28459  0.99438  1  0.19193  0
16868  0.31338  0.99507  0  0.19173  0
17018  0.34213  0.99556  0  0.19134  0
17169  0.37083  0.99584  0  0.19075  0
17319  0.39944  0.99589  0  0.18995  0
17470  0.42793  0.99568  0  0.18892  0
17621  0.45627  0.99519  -1  0.18764  0
17772  0.48440  0.99438  -2  0.18611  0
17922  0.51230  0.99323  -3  0.18432  0
18072  0.53990  0.99169  -4  0.18226  0
18222  0.56717  0.98972  -5  0.17993  0
18373  0.59405  0.98728  -11  0.17111  0
18525  0.61918  0.98209  -19  0.16066  0
18676  0.64186  0.97394  -28  0.15420  0
18826  0.66226  0.96303  -36  0.15133  0
18977  0.68055  0.94959  -43  0.15120  0
19127  0.69693  0.93390  -50  0.15324  0
19279  0.71158  0.91619  -55  0.15342  0
19429  0.72466  0.89725  -59  0.15424  0
19579  0.73636  0.87729  -62  0.15168  0
19729  0.74684  0.85710  -65  0.14930  0
19879  0.75626  0.83678  -66  0.14302  0
20029  0.76476  0.81709  -67  0.13377  0
20179  0.77250  0.79857  -67  0.12528  0
20330  0.77958  0.78117  -67  0.11379  0
20481  0.78614  0.76541  -65  0.10028  0
20631  0.79227  0.75167  -70  0.11534  0
20781  0.79807  0.73537  -73  0.12910  0
20931  0.80363  0.71682  -75  0.14133  0
21082  0.80904  0.69633  -76  0.15196  0
21232  0.81437  0.67416  -77  0.16100  0
21383  0.81968  0.65060  -77  0.16853  0
21534  0.82500  0.62589  -78  0.17465  0
21685  0.83038  0.60025  -78  0.17947  0
21836  0.83585  0.57389  -78  0.18313  0
21988  0.84142  0.54699  -78  0.18577  0
22139  0.84709  0.51971  -78  0.18750  0
22291  0.85287  0.49219  -78  0.18847  0
22441  0.85875  0.46453  -77  0.18881  0
22593  0.86471  0.43685  -77  0.18863  0
22745  0.87074  0.40920  -77  0.18805  0
22896  0.87681  0.38166  -77  0.18717  0
23046  0.88290  0.35425  -77  0.18610  0
23197  0.88899  0.32701  -77  0.18490  0
23350  0.89504  0.29994  -77  0.18366  0
23500  0.90104  0.27305  -77  0.18243  0
23650  0.90696  0.24634  -77  0.18125  0
23801  0.91278  0.21978  -77  0.18018  0
23952  0.91847  0.19336  -78  0.17923  0
24102  0.92402  0.16705  -78  0.17844  0
24253  0.92941  0.14083  -78  0.17780  0
24404  0.93462  0.11468  -79  0.17734  0
24555  0.93964  0.08855  -79  0.17705  0
24707  0.94446  0.06244  -79  0.17692  0
24857  0.94908  0.03630  -80  0.17695  0
25009  0.95348  0.01013  -80  0.17713  0
25159  0.95767  -0.01611  -81  0.17744  0
25311  0.96163  -0.04243  -81  0.17785  0
25462  0.96536  -0.06884  -82  0.17836  0
25612  0.96888  -0.09537  -82  0.17893  0
25762  0.97216  -0.12200  -83  0.17955  0
25913  0.97522  -0.14876  -83  0.18019  0
26063  0.97805  -0.17564  -84  0.18083  0
26213  0.98065  -0.20264  -85  0.18144  0
26363  0.98302  -0.22976  -85  0.18200  0
26513  0.98515  -0.25697  -86  0.18249  0
26663  0.98704  -0.28428  -86  0.18287  0
26815  0.98868  -0.31166  -87  0.18313  0
26966  0.99006  -0.33910  -87  0.18325  0
27116  0.99117  -0.36656  -88  0.18320  0
27266  0.99200  -0.39403  -88  0.18296  0
27417  0.99253  -0.42147  -92  0.18069  0
27567  0.99115  -0.44854  -99  0.16986  0
27718  0.98697  -0.47367  -106  0.15968  0
27868  0.98026  -0.49666  -113  0.15254  0
28019  0.97125  -0.51770  -119  0.14802  0
28169  0.96021  -0.53696  -125  0.14508  0
28320  0.94752  -0.55463  -130  0.14349  0
28472  0.93343  -0.57091  -135  0.14275  0
28624  0.91822  -0.58598  -138  0.14157  0
28774  0.90227  -0.60001  -141  0.14036  0
28925  0.88584  -0.61317  -143  0.13804  0
29077  0.86930  -0.62563  -144  0.13534  0
29228  0.85286  -0.63753  -144  0.13136  0
29379  0.83684  -0.64901  -143  0.12635  0
29529  0.82154  -0.66019  -142  0.12115  0
29680  0.80706  -0.67117  -141  0.11522  0
29830  0.79362  -0.68204  -138  0.10953  0
29981  0.78126  -0.69286  -135  0.10353  0
30133  0.77011  -0.70366  -132  0.09761  0
30284  0.76025  -0.71449  -128  0.09256  0
30435  0.75159  -0.72534  -124  0.08781  0
30586  0.74415  -0.73621  -119  0.08362  0
30737  0.73793  -0.74710  -115  0.08056  0
30887  0.73272  -0.75801  -129  0.09360  0
31038  0.72387  -0.76891  -137  0.10824  0
31188  0.71182  -0.77980  -143  0.12254  0
31338  0.69697  -0.79063  -148  0.13567  0
31490  0.67970  -0.80139  -151  0.14729  0
31640  0.66035  -0.81204  -153  0.15731  0
31791  0.63922  -0.82255  -155  0.16579  0
31942  0.61660  -0.83289  -157  0.17281  0
32093  0.59274  -0.84301  -158  0.17851  0
32244  0.56785  -0.85289  -159  0.18304  0
32395  0.54213  -0.86249  -160  0.18655  0
32545  0.51574  -0.87180  -161  0.18917  0
32696  0.48882  -0.88078  -162  0.19106  0
32847  0.46149  -0.88942  -163  0.19235  0
32998  0.43385  -0.89770  -164  0.19315  0
33149  0.40598  -0.90560  -164  0.19358  0
33300  0.37793  -0.91312  -165  0.19372  0
33453  0.34977  -0.92026  -166  0.19365  0
33605  0.32151  -0.92701  -167  0.19344  0
33755  0.29320  -0.93338  -168  0.19315  0
33906  0.26486  -0.93937  -168  0.19282  0
34057  0.23649  -0.94499  -169  0.19248  0
34209  0.20810  -0.95025  -170  0.19217  0
34359  0.17969  -0.95516  -170  0.19190  0
34510  0.15127  -0.95973  -171  0.19167  0
34660  0.12284  -0.96398  -172  0.19151  0
34811  0.09438  -0.96792  -172  0.19141  0
34962  0.06590  -0.97157  -173  0.19137  0
35113  0.03740  -0.97493  -173  0.19139  0
35264  0.00886  -0.97803  -174  0.19145  0
35415  -0.01972  -0.98088  -174  0.19155  0
35565  -0.04833  -0.98349  -175  0.19167  0
35715  -0.07699  -0.98587  -175  0.19181  0
35866  -0.10568  -0.98803  -176  0.19194  0
36017  -0.13440  -0.98998  -176  0.19205  0
36167  -0.16316  -0.99172  -176  0.19213  0
36317  -0.19193  -0.99327  -177  0.19216  0
36467  -0.22073  -0.99461  -177  0.19213  0
36626  -0.24952  -0.99576  -178  0.19201  0
36775  -0.27831  -0.99671  -178  0.19178  0
36925  -0.30707  -0.99745  -178  0.19143  0
37075  -0.33578  -0.99798  -179  0.19094  0
37226  -0.36442  -0.99828  174  0.17838  0
37377  -0.39107  -0.99591  168  0.16132  0
37527  -0.41474  -0.99088  160  0.14845  0
37677  -0.43573  -0.98347  152  0.13962  0
37828  -0.45437  -0.97392  145  0.13416  0
37979  -0.47096  -0.96252  138  0.13048  0
38129  -0.48567  -0.94962  133  0.12870  0
38280  -0.49884  -0.93550  128  0.12712  0
38430  -0.51064  -0.92052  124  0.12609  0
38580  -0.52135  -0.90493  121  0.12420  0
38730  -0.53113  -0.88907  119  0.12214  0
38880  -0.54024  -0.87318  118  0.11915  0
39031  -0.54889  -0.85754  119  0.11546  0
39181  -0.55729  -0.84239  120  0.11123  0
39331  -0.56566  -0.82796  122  0.10684  0
39481  -0.57416  -0.81437  124  0.10232  0
39632  -0.58294  -0.80178  128  0.09798  0
39783  -0.59211  -0.79030  132  0.09423  0
39934  -0.60175  -0.77996  137  0.09113  0
40085  -0.61190  -0.77080  143  0.08884  0
40236  -0.62258  -0.76284  148  0.08748  0
40387  -0.63378  -0.75600  153  0.08682  0
40538  -0.64547  -0.75025  158  0.08671  0
40688  -0.65758  -0.74551  162  0.08715  0
40839  -0.67008  -0.74168  166  0.08784  0
40989  -0.68291  -0.73871  170  0.08872  0
41141  -0.69603  -0.73642  172  0.08947  0
41292  -0.70935  -0.73478  175  0.09001  0
41443  -0.72281  -0.73374  177  0.09031  0
41594  -0.73634  -0.73305  178  0.09021  0
41744  -0.74986  -0.73271  155  0.09871  0
41894  -0.76332  -0.72653  139  0.11631  0
42045  -0.77663  -0.71526  129  0.13623  0
42195  -0.78974  -0.69958  123  0.15536  0
42345  -0.80260  -0.68014  118  0.17249  0
42496  -0.81514  -0.65751  115  0.18726  0
42647  -0.82732  -0.63220  113  0.19963  0
42798  -0.83910  -0.60467  111  0.20974  0
42949  -0.85045  -0.57533  109  0.21780  0
43099  -0.86134  -0.54453  108  0.22402  0
43250  -0.87176  -0.51258  106  0.22865  0
43400  -0.88169  -0.47975  105  0.23190  0
43551  -0.89111  -0.44627  104  0.23398  0
43702  -0.90004  -0.41233  103  0.23508  0
43852  -0.90847  -0.37809  102  0.23538  0
44003  -0.91640  -0.34368  102  0.23504  0
44153  -0.92385  -0.30922  101  0.23417  0
44305  -0.93082  -0.27480  100  0.23291  0
44456  -0.93734  -0.24047  100  0.23135  0
44607  -0.94341  -0.20631  99  0.22958  0
44757  -0.94906  -0.17233  98  0.22766  0
44908  -0.95430  -0.13859  98  0.22566  0
45058  -0.95915  -0.10509  97  0.22363  0
45208  -0.96363  -0.07185  97  0.22159  0
45359  -0.96775  -0.03886  96  0.21958  0
45510  -0.97155  -0.00615  96  0.21762  0
45662  -0.97503  0.02631  95  0.21571  0
45813  -0.97820  0.05851  95  0.21386  0
45966  -0.98109  0.09046  94  0.21209  0
46116  -0.98370  0.12217  94  0.21037  0
46267  -0.98604  0.15363  93  0.20870  0
46418  -0.98813  0.18487  93  0.20708  0
46569  -0.98997  0.21588  93  0.21396  0
46721  -0.99199  0.24791  98  0.19964  0
46872  -0.99626  0.27755  104  0.18287  0
47024  -1.00305  0.30413  110  0.16975  0
47176  -1.01208  0.32793  117  0.15997  0
47326  -1.02308  0.34926  123  0.15306  0
47476  -1.03573  0.36841  129  0.14835  0
47627  -1.04975  0.38570  133  0.14465  0
47777  -1.06481  0.40132  137  0.14182  0
47929  -1.08060  0.41557  140  0.13926  0
48080  -1.09682  0.42874  142  0.13630  0
48233  -1.11314  0.44105  144  0.13287  0
48383  -1.12927  0.45276  143  0.12880  0
48534  -1.14489  0.46413  142  0.12406  0
48685  -1.15973  0.47536  140  0.11875  0
48836  -1.17349  0.48666  137  0.11311  0
48986  -1.18592  0.49821  132  0.10751  0
49136  -1.19678  0.51014  126  0.10244  0
49286  -1.20582  0.52256  118  0.09850  0
49438  -1.21286  0.53555  109  0.09631  0
49587  -1.21769  0.54916  99  0.09640  0
49738  -1.22018  0.56341  89  0.09908  0
49889  -1.22018  0.57827  80  0.10435  0
50040  -1.21758  0.59370  71  0.11192  0
50190  -1.21231  0.60964  63  0.12136  0
50342  -1.20431  0.62600  57  0.13218  0
50494  -1.19356  0.64265  51  0.14392  0
50643  -1.18006  0.65950  46  0.15621  0
50795  -1.16384  0.67641  41  0.16868  0
50947  -1.14500  0.69330  38  0.18101  0
51098  -1.12365  0.71008  34  0.19292  0
51249  -1.09993  0.72666  32  0.20421  0
51400  -1.07401  0.74297  29  0.21473  0
51551  -1.04603  0.75894  27  0.22437  0
51702  -1.01619  0.77450  25  0.23306  0
51853  -0.98466  0.78959  23  0.24077  0
52005  -0.95162  0.80418  22  0.24474  0
52155  -0.91770  0.81822  21  0.24830  0
52306  -0.88297  0.83167  21  0.23428  0
52457  -0.85025  0.84451  21  0.22412  0
52607  -0.81894  0.85672  22  0.19979  0
52757  -0.79129  0.86830  19  0.21510  0
52908  -0.76094  0.87924  17  0.22828  0
53060  -0.72828  0.88954  15  0.23939  0
53211  -0.69370  0.89920  14  0.24855  0
53361  -0.65753  0.90825  12  0.25591  0
53512  -0.62008  0.91669  11  0.26163  0
53662  -0.58163  0.92455  10  0.26589  0
53814  -0.54242  0.93184  9  0.26884  0
53965  -0.50267  0.93860  8  0.27064  0
54116  -0.46255  0.94485  8  0.27146  0
54267  -0.42224  0.95061  7  0.27143  0
54418  -0.38188  0.95591  6  0.27068  0
54569  -0.34157  0.96078  6  0.26933  0
54719  -0.30142  0.96525  5  0.26749  0
54870  -0.26150  0.96934  5  0.26525  0
55021  -0.22189  0.97308  4  0.26269  0
55172  -0.18264  0.97650  4  0.25990  0
55322  -0.14378  0.97960  4  0.25693  0
55472  -0.10534  0.98243  3  0.25384  0
55623  -0.06735  0.98499  3  0.25067  0
55773  -0.02982  0.98731  3  0.24746  0
55924  0.00724  0.98939  2  0.24423  0
56074  0.04383  0.99126  2  0.24101  0
56225  0.07994  0.99291  2  0.23782  0
56376  0.11558  0.99437  2  0.23465  0
56526  0.15076  0.99564  1  0.23152  0
56677  0.18547  0.99671  1  0.22843  0
56827  0.21972  0.99759  1  0.22536  0
56977  0.25352  0.99827  0  0.22231  0
57128  0.28686  0.99875  0  0.21927  0
57278  0.31975  0.99902  0  0.21622  0
57430  0.35219  0.99906  0  0.21315  0
57579  0.38416  0.99885  0  0.21004  0
57730  0.41566  0.99838  -1  0.20686  0
57880  0.44668  0.99761  -2  0.20360  0
58031  0.47720  0.99652  -2  0.20024  0
58182  0.50720  0.99508  -3  0.19676  0
58333  0.53666  0.99324  -4  0.19314  0
58483  0.56554  0.99097  -5  0.18938  0
58634  0.59381  0.98822  -6  0.18547  0
58785  0.62144  0.98494  -14  0.17350  0
58935  0.64665  0.97849  -22  0.16543  0
59086  0.66962  0.96908  -30  0.16097  2
59237  0.69050  0.95697  -37  0.15959  2
59386  0.70947  0.94237  -44  0.16061  0
59537  0.72670  0.92553  -50  0.16331  0
59688  0.74234  0.90667  -54  0.16437  0
59838  0.75656  0.88653  -58  0.16586  0
59988  0.76949  0.86528  -61  0.16267  0
60138  0.78129  0.84392  -63  0.15970  0
60288  0.79209  0.82254  -64  0.15171  0
60439  0.80200  0.80205  -65  0.14459  0
60590  0.81113  0.78238  -64  0.13276  0
60741  0.81960  0.76435  -68  0.14282  0
60891  0.82749  0.74444  -71  0.15190  0
61042  0.83489  0.72289  -73  0.15986  0
61193  0.84189  0.69995  -74  0.16663  0
61343  0.84856  0.67586  -75  0.17221  0
61493  0.85495  0.65084  -76  0.17666  0
61643  0.86113  0.62507  -77  0.18004  0
61793  0.86714  0.59874  -77  0.18245  0
61944  0.87301  0.57201  -77  0.18400  0
62094  0.87876  0.54501  -78  0.18480  0
62246  0.88442  0.51788  -78  0.18496  0
62397  0.89000  0.49070  -78  0.18460  0
62549  0.89550  0.46356  -78  0.18381  0
62700  0.90093  0.43653  -78  0.18271  0
62851  0.90628  0.40965  -78  0.18139  0
63002  0.91154  0.38296  -78  0.17994  0
63153  0.91671  0.35646  -79  0.17844  0
63304  0.92178  0.33018  -79  0.17696  0
63456  0.92674  0.30410  -79  0.17555  0
63607  0.93157  0.27822  -79  0.17426  0
63759  0.93626  0.25250  -79  0.17313  0
63910  0.94082  0.22694  -80  0.17218  0
64062  0.94522  0.20149  -80  0.17142  0
64212  0.94946  0.17613  -80  0.17088  0
64363  0.95353  0.15082  -81  0.17055  0
64513  0.95742  0.12554  -81  0.17043  0
64664  0.96115  0.10024  -82  0.17051  0
64815  0.96469  0.07491  -82  0.17077  0
64967  0.96805  0.04952  -82  0.17121  0
65117  0.97124  0.02404  -83  0.17180  0
65267  0.97424  -0.00156  -83  0.17251  0
65418  0.97706  -0.02728  -84  0.17334  0
65570  0.97971  -0.05315  -84  0.17424  0
65720  0.98217  -0.07917  -84  0.17521  0
65870  0.98447  -0.10535  -85  0.17621  0
66022  0.98659  -0.13169  -85  0.17722  0
66174  0.98853  -0.15820  -86  0.17821  0
66323  0.99030  -0.18488  -86  0.17916  0
66474  0.99190  -0.21170  -86  0.18005  0
66626  0.99331  -0.23867  -87  0.18085  0
66777  0.99454  -0.26577  -87  0.19269  0
66928  0.99561  -0.29466  -83  0.18591  0
67079  0.99875  -0.32237  -77  0.17597  0
67229  1.00440  -0.34815  -71  0.16697  0
67380  1.01232  -0.37191  -65  0.16054  0
67530  1.02224  -0.39385  -60  0.15618  0
67680  1.03388  -0.41418  -55  0.15334  0
67831  1.04696  -0.43310  -51  0.15143  0
67982  1.06117  -0.45082  -47  0.14993  0
68132  1.07622  -0.46753  -45  0.14840  0
68284  1.09180  -0.48343  -44  0.14650  0
68435  1.10760  -0.49870  -43  0.14400  0
68585  1.12332  -0.51352  -43  0.14078  0
68736  1.13866  -0.52803  -44  0.13681  0
68888  1.15332  -0.54240  -46  0.13215  0
69038  1.16701  -0.55673  -49  0.12697  0
69190  1.17948  -0.57113  -52  0.12152  0
69340  1.19045  -0.58568  -57  0.11615  0
69490  1.19969  -0.60045  -64  0.11130  0
69641  1.20698  -0.61547  -71  0.10747  0
69791  1.21211  -0.63075  -79  0.10522  0
69942  1.21492  -0.64629  -88  0.10501  0
70092  1.21526  -0.66203  -98  0.10715  0
70242  1.21299  -0.67794  -107  0.11172  0
70392  1.20802  -0.69395  -115  0.11855  0
70542  1.20029  -0.70996  -123  0.12731  0
70692  1.18976  -0.72590  -130  0.13759  0
70842  1.17643  -0.74164  -136  0.14894  0
70992  1.16034  -0.75715  -140  0.16089  0
71144  1.14158  -0.77234  -145  0.17302  0
71294  1.12028  -0.78716  -148  0.18501  0
71445  1.09656  -0.80156  -151  0.19657  0
71595  1.07057  -0.81550  -154  0.20752  0
71746  1.04249  -0.82893  -156  0.21771  0
71896  1.01249  -0.84182  -158  0.22703  0
72047  0.98074  -0.85414  -160  0.23542  0
72197  0.94743  -0.86587  -162  0.24284  0
72348  0.91274  -0.87699  -163  0.24927  0
72499  0.87686  -0.88751  -164  0.25473  0
72650  0.83996  -0.89742  -166  0.25925  0
72800  0.80220  -0.90671  -167  0.26287  0
72951  0.76374  -0.91541  -168  0.26565  0
73102  0.72472  -0.92351  -169  0.26764  0
73252  0.68529  -0.93104  -170  0.26892  0
73402  0.64556  -0.93801  -170  0.26955  0
73553  0.60564  -0.94446  -171  0.26960  0
73703  0.56564  -0.95039  -172  0.26914  0
73854  0.52564  -0.95585  -172  0.26822  0
74004  0.48572  -0.96085  -173  0.26692  0
74156  0.44594  -0.96542  -173  0.26530  0
74307  0.40637  -0.96960  -174  0.26339  0
74457  0.36704  -0.97340  -174  0.26127  0
74608  0.32801  -0.97686  -175  0.25897  0
74758  0.28929  -0.98000  -175  0.25653  0
74909  0.25091  -0.98284  -176  0.25399  0
75059  0.21290  -0.98541  -176  0.25138  0
75211  0.17527  -0.98774  -176  0.24873  0
75362  0.13802  -0.98984  -177  0.24606  0
75514  0.10116  -0.99172  -177  0.24339  0
75663  0.06469  -0.99341  -177  0.24073  0
75814  0.02861  -0.99493  -177  0.23810  0
75964  -0.00708  -0.99627  -178  0.23550  0
76115  -0.04238  -0.99746  -178  0.23294  0
76266  -0.07731  -0.99850  -178  0.23041  0
76417  -0.11186  -0.99939  -178  0.22792  0
76567  -0.14604  -1.00015  -178  0.22545  0
76718  -0.17985  -1.00075  -179  0.22300  0
76868  -0.21330  -1.00122  -179  0.22056  0
77019  -0.24638  -1.00153  -179  0.21811  0
77170  -0.27910  -1.00168  179  0.21564  0
77320  -0.31144  -1.00165  179  0.21314  0
77470  -0.34341  -1.00144  179  0.21058  0
77620  -0.37500  -1.00102  173  0.19510  0
77770  -0.40408  -0.99779  167  0.18007  0
77921  -0.43046  -0.99196  161  0.16842  0
78071  -0.45436  -0.98377  154  0.15987  0
78222  -0.47602  -0.97349  148  0.15367  0
78373  -0.49571  -0.96149  143  0.14945  0
78524  -0.51364  -0.94804  138  0.14664  0
78674  -0.53008  -0.93342  134  0.14419  0
78825  -0.54524  -0.91800  131  0.14209  0
78976  -0.55935  -0.90203  129  0.13950  0
79126  -0.57263  -0.88586  128  0.13671  0
79277  -0.58527  -0.86971  127  0.13311  0
79428  -0.59744  -0.85388  127  0.12924  0
79579  -0.60931  -0.83855  128  0.12464  0
79729  -0.62101  -0.82397  130  0.11959  0
79880  -0.63266  -0.81033  132  0.11468  0
80030  -0.64434  -0.79770  135  0.10967  0
80181  -0.65611  -0.78621  138  0.10520  0
80332  -0.66802  -0.77586  142  0.10092  0
80482  -0.68007  -0.76670  146  0.09704  0
80633  -0.69227  -0.75875  150  0.09395  0
80783  -0.70458  -0.75189  154  0.09117  0
80933  -0.71697  -0.74610  158  0.08915  0
81084  -0.72941  -0.74120  162  0.08729  0
81234  -0.74187  -0.73718  165  0.08563  0
81384  -0.75432  -0.73402  149  0.09630  0
81536  -0.76671  -0.72661  137  0.11072  0
81687  -0.77901  -0.71545  130  0.12580  0
81838  -0.79117  -0.70102  124  0.14008  0
81989  -0.80315  -0.68375  120  0.15293  0
82139  -0.81489  -0.66405  117  0.16414  0
82290  -0.82637  -0.64226  115  0.17369  0
82442  -0.83754  -0.61873  113  0.18166  0
82593  -0.84837  -0.59372  111  0.18819  0
82745  -0.85883  -0.56751  110  0.19341  0
82895  -0.86890  -0.54030  109  0.19749  0
83046  -0.87855  -0.51229  107  0.20060  0
83197  -0.88777  -0.48365  106  0.20287  0
83349  -0.89655  -0.45451  105  0.20444  0
83499  -0.90488  -0.42500  104  0.20545  0
83650  -0.91277  -0.39521  103  0.20600  0
83802  -0.92021  -0.36522  103  0.20618  0
83954  -0.92720  -0.33509  102  0.20608  0
84105  -0.93377  -0.30488  101  0.20578  0
84257  -0.93991  -0.27463  100  0.20533  0
84408  -0.94565  -0.24437  100  0.20479  0
84558  -0.95100  -0.21412  99  0.20418  0
84708  -0.95596  -0.18390  98  0.20355  0
84858  -0.96057  -0.15372  98  0.20292  0
85008  -0.96484  -0.12358  97  0.20230  0
85159  -0.96878  -0.09349  96  0.20171  0
85309  -0.97241  -0.06346  96  0.20115  0
85460  -0.97575  -0.03347  95  0.20063  0
85610  -0.97882  -0.00353  95  0.20014  0
85760  -0.98162  0.02636  94  0.19969  0
85910  -0.98418  0.05620  94  0.19926  0
86060  -0.98651  0.08600  94  0.19885  0
86210  -0.98861  0.11575  93  0.19844  0
86360  -0.99050  0.14546  93  0.19802  0
86511  -0.99218  0.17511  92  0.19758  0
86661  -0.99365  0.20471  92  0.19710  0
86813  -0.99492  0.23425  92  0.19657  0
86963  -0.99599  0.26372  91  0.19596  0
87113  -0.99685  0.29310  98  0.17734  0
87263  -1.00069  0.31942  105  0.16295  0
87413  -1.00724  0.34297  112  0.15263  0
87563  -1.01619  0.36404  120  0.14589  0
87714  -1.02721  0.38295  127  0.14144  0
87865  -1.03998  0.39989  132  0.13904  0
88015  -1.05418  0.41517  137  0.13731  0
88165  -1.06947  0.42897  141  0.13608  0
88316  -1.08550  0.44160  144  0.13427  0
88467  -1.10195  0.45322  146  0.13195  0
88617  -1.11849  0.46410  147  0.12881  0
88769  -1.13477  0.47450  147  0.12474  0
88920  -1.15049  0.48464  145  0.11976  0
89070  -1.16534  0.49475  143  0.11402  0
89221  -1.17902  0.50502  139  0.10782  0
89372  -1.19126  0.51559  133  0.10162  0
89523  -1.20179  0.52661  126  0.09601  0
89673  -1.21039  0.53817  117  0.09174  0
89824  -1.21682  0.55033  107  0.08960  0
89974  -1.22091  0.56313  96  0.09024  0
90125  -1.22249  0.57657  85  0.09398  0
90277  -1.22143  0.59063  75  0.10070  0
90428  -1.21762  0.60525  66  0.10995  0
90580  -1.21098  0.62034  58  0.12114  0
90731  -1.20147  0.63583  51  0.13367  0
90882  -1.18907  0.65159  46  0.14704  0
91033  -1.17384  0.66754  41  0.16074  0
91184  -1.15586  0.68360  37  0.17436  0
91334  -1.13523  0.69968  34  0.18758  0
91485  -1.11210  0.71570  31  0.20018  0
91636  -1.08661  0.73158  29  0.21197  0
91786  -1.05894  0.74723  27  0.22282  0
91936  -1.02926  0.76259  25  0.23265  0
92087  -0.99775  0.77760  23  0.24141  0
92239  -0.96461  0.79219  22  0.24908  0
92391  -0.93002  0.80632  20  0.25567  0
92541  -0.89418  0.81995  20  0.24399  0
92691  -0.86000  0.83303  22  0.22091  0
92841  -0.82932  0.84555  22  0.20425  0
92992  -0.80110  0.85748  20  0.21990  0
93144  -0.77012  0.86881  17  0.23337  0
93295  -0.73680  0.87953  15  0.24471  0
93445  -0.70151  0.88965  14  0.25405  0
93596  -0.66461  0.89916  13  0.26153  0
93746  -0.62641  0.90809  12  0.26732  0
93897  -0.58719  0.91643  11  0.27159  0
94048  -0.54720  0.92421  10  0.27452  0
94198  -0.50666  0.93146  9  0.27627  0
94349  -0.46577  0.93818  8  0.27700  0
94499  -0.42469  0.94441  7  0.27685  0
94650  -0.38357  0.95016  7  0.27595  0
94801  -0.34251  0.95547  6  0.27443  0
94951  -0.30164  0.96036  6  0.27240  0
95102  -0.26103  0.96485  5  0.26996  0
95253  -0.22074  0.96897  5  0.26720  0
95403  -0.18084  0.97274  4  0.26418  0
95554  -0.14136  0.97618  4  0.26099  0
95705  -0.10234  0.97932  4  0.25766  0
95856  -0.06380  0.98217  3  0.25426  0
96007  -0.02575  0.98476  3  0.25081  0
96158  0.01180  0.98709  3  0.24734  0
96308  0.04884  0.98918  2  0.24389  0
96458  0.08538  0.99104  2  0.24046  0
96608  0.12141  0.99268  2  0.23707  0
96759  0.15694  0.99410  1  0.23371  0
96910  0.19198  0.99532  1  0.23039  0
97061  0.22653  0.99631  1  0.22711  0
97211  0.26058  0.99710  0  0.22385  0
97361  0.29416  0.99765  0  0.22060  0
97512  0.32724  0.99798  0  0.21735  0
97664  0.35985  0.99805  0  0.21407  0
97816  0.39196  0.99786  0  0.21076  0
97966  0.42357  0.99738  -1  0.20739  0
98117  0.45466  0.99659  -7  0.19304  0
98268  0.48337  0.99281  -14  0.17861  0
98419  0.50936  0.98631  -20  0.16755  0
98569  0.53285  0.97737  -27  0.15958  0
98719  0.55405  0.96625  -34  0.15423  0
98870  0.57317  0.95322  -40  0.15094  0
99020  0.59042  0.93856  -45  0.14827  0
99170  0.60602  0.92271  -49  0.14632  0
99320  0.62017  0.90594  -53  0.14376  0
99471  0.63307  0.88866  -55  0.14109  0
99622  0.64491  0.87111  -57  0.13717  0
99773  0.65586  0.85369  -59  0.13284  0
99923  0.66609  0.83659  -59  0.12714  0
