t  x  y  th  vel  obstacle
340   1.00000  1.00000  0  0.00000  0
491   1.00000  1.00000  -89  0.04055  0
641   1.00000  0.99392  -89  0.07578  0
792   1.00000  0.98255  -89  0.10619  0
943   1.00000  0.96662  -89  0.13225  0
1094  1.00000  0.94679  -89  0.15439  0
1245  1.00000  0.92363  -89  0.17304  0
1396  1.00000  0.89767  -89  0.18858  0
1547  1.00000  0.86938  -89  0.20137  0
1697  1.00000  0.83918  -89  0.21174  0
1847  1.00000  0.80742  -89  0.22000  0
1998  1.00000  0.77442  -89  0.22643  0
2149  1.00000  0.74045  -89  0.23127  0
2300  1.00000  0.70576  -89  0.23476  0
2451  1.00000  0.67055  -89  0.23709  0
2601  1.00000  0.63499  -89  0.23846  0
2752  1.00000  0.59922  -89  0.23903  0
2904  1.00000  0.56336  -89  0.23894  0
3055  1.00001  0.52752  -89  0.23833  0
3207  1.00002  0.49177  -89  0.23731  0
3358  1.00004  0.45618  -89  0.23597  0
3509  1.00006  0.42078  -89  0.23438  0
3660  1.00010  0.38562  -89  0.23264  0
3811  1.00015  0.35073  -89  0.23078  0
3962  1.00022  0.31611  -89  0.22886  0
4112  1.00030  0.28178  -89  0.22692  0
4262  1.00040  0.24774  -89  0.22499  0
4412  1.00051  0.21400  -89  0.22310  0
4563  1.00064  0.18053  -89  0.22126  0
4714  1.00079  0.14734  -89  0.21949  0
4866  1.00095  0.11442  -89  0.21780  0
5017  1.00113  0.08175  -89  0.21619  0
5169  1.00132  0.04932  -89  0.21466  0
5320  1.00152  0.01712  -89  0.21321  0
5471  1.00172  -0.01486  -89  0.21183  0
5622  1.00192  -0.04663  -89  0.21052  0
5774  1.00212  -0.07821  -89  0.20927  0
5925  1.00230  -0.10960  -89  0.20806  0
6077  1.00246  -0.14080  -89  0.20688  0
6229  1.00258  -0.17184  -89  0.20572  0
6380  1.00267  -0.20269  -89  0.20456  0
6530  1.00269  -0.23338  -90  0.20338  0
6681  1.00265  -0.26388  -90  0.20216  0
6832  1.00251  -0.29421  -90  0.20088  0
6984  1.00226  -0.32434  -90  0.19953  0
7136  1.00188  -0.35427  -91  0.19808  0
7287  1.00134  -0.38397  -91  0.19651  0
7438  1.00062  -0.41344  -91  0.19480  0
7590  0.99968  -0.44264  -92  0.19293  0
7740  0.99850  -0.47156  -92  0.19088  0
7891  0.99702  -0.50015  -93  0.18864  0
8042  0.99522  -0.52839  -94  0.18618  0
8194  0.99305  -0.55623  -95  0.18351  0
8345  0.99046  -0.58364  -96  0.18062  0
8495  0.98740  -0.61056  -97  0.17750  0
8646  0.98381  -0.63694  -99  0.17417  0
8796  0.97965  -0.66273  -100  0.17065  0
8948  0.97484  -0.68787  -102  0.16697  2
9100  0.96933  -0.71230  -104  0.16318  2
9250  0.96304  -0.73596  -107  0.15935  0
9401  0.95592  -0.75877  -110  0.15557  0
9552  0.94789  -0.78068  -113  0.15194  0
9703  0.93889  -0.80162  -116  0.14860  0
9854  0.92885  -0.82153  -120  0.14570  0
10004  0.91772  -0.84033  -124  0.14340  0
10155  0.90543  -0.85799  -129  0.14185  0
10307  0.89193  -0.87444  -134  0.14120  0
10459  0.87719  -0.88965  -138  0.14153  0
10610  0.86118  -0.90359  -143  0.14282  0
10762  0.84393  -0.91630  -147  0.14493  0
10912  0.82550  -0.92782  -151  0.14769  0
11063  0.80594  -0.93823  -155  0.15095  0
11215  0.78532  -0.94757  -158  0.15454  0
11364  0.76369  -0.95591  -161  0.15832  0
11516  0.74113  -0.96332  -164  0.16217  0
11667  0.71770  -0.96986  -166  0.16599  0
11818  0.69348  -0.97561  -168  0.16971  0
11969  0.66852  -0.98064  -170  0.17327  0
12120  0.64290  -0.98500  -171  0.17663  0
12272  0.61667  -0.98875  -173  0.17976  0
12423  0.58990  -0.99197  -174  0.18264  0
12574  0.56264  -0.99470  -175  0.18528  0
12725  0.53494  -0.99699  -176  0.18767  0
12876  0.50686  -0.99889  -176  0.18983  0
13028  0.47843  -1.00046  -177  0.19176  0
13181  0.44969  -1.00173  -177  0.19348  0
13330  0.42069  -1.00275  -178  0.19500  0
13480  0.39145  -1.00354  -178  0.19635  0
13632  0.36200  -1.00415  -179  0.19753  0
13782  0.33238  -1.00461  -179  0.19855  0
13933  0.30259  -1.00494  -179  0.19944  0
14083  0.27268  -1.00516  -179  0.20021  0
14233  0.24265  -1.00529  -179  0.20086  0
14384  0.21252  -1.00537  -179  0.20141  0
14534  0.18231  -1.00539  179  0.20187  0
14684  0.15203  -1.00538  179  0.20225  0
14836  0.12169  -1.00535  179  0.20255  0
14987  0.09130  -1.00530  179  0.20278  0
15138  0.06089  -1.00524  179  0.20295  0
15289  0.03045  -1.00518  179  0.20305  0
15441  -0.00001  -1.00512  179  0.20308  0
15593  -0.03047  -1.00506  179  0.20305  0
15743  -0.06093  -1.00500  179  0.20296  0
15895  -0.09138  -1.00494  179  0.20280  0
16046  -0.12180  -1.00486  179  0.20256  0
16196  -0.15218  -1.00477  179  0.20224  0
16346  -0.18252  -1.00466  179  0.20183  0
16498  -0.21279  -1.00451  179  0.20133  0
16648  -0.24299  -1.00431  179  0.20072  0
16800  -0.27310  -1.00404  179  0.19999  0
16950  -0.30309  -1.00369  179  0.19912  0
17101  -0.33296  -1.00324  178  0.19811  0
17251  -0.36267  -1.00266  -177  0.19314  0
17401  -0.39161  -1.00384  -173  0.18665  0
17552  -0.41943  -1.00700  -169  0.18117  0
17703  -0.44615  -1.01198  -165  0.17664  0
17854  -0.47183  -1.01850  -162  0.17235  0
18005  -0.49645  -1.02637  -158  0.16785  0
18156  -0.51992  -1.03550  -155  0.16358  0
18307  -0.54225  -1.04567  -152  0.16092  0
18458  -0.56374  -1.05667  -150  0.15896  0
18610  -0.58454  -1.06831  -149  0.15725  0
18760  -0.60482  -1.08037  -148  0.15769  0
18911  -0.62508  -1.09257  -150  0.15922  0
19062  -0.64579  -1.10447  -152  0.16012  0
19213  -0.66710  -1.11555  -156  0.16172  0
19364  -0.68929  -1.12535  -160  0.16293  0
19516  -0.71234  -1.13346  -167  0.16287  0
19666  -0.73615  -1.13895  177  0.15439  0
19817  -0.75929  -1.13807  163  0.15482  0
19967  -0.78161  -1.13165  152  0.16085  0
20118  -0.80296  -1.12041  142  0.16975  0
20269  -0.82322  -1.10499  135  0.17966  0
20419  -0.84229  -1.08595  128  0.18955  0
20570  -0.86009  -1.06378  123  0.19885  0
20720  -0.87656  -1.03891  119  0.20719  0
20871  -0.89172  -1.01177  115  0.21439  0
21023  -0.90558  -0.98276  112  0.22042  0
21174  -0.91820  -0.95220  109  0.22531  0
21324  -0.92963  -0.92039  107  0.22914  0
21476  -0.93992  -0.88760  105  0.23200  0
21627  -0.94915  -0.85405  103  0.23400  0
21778  -0.95738  -0.81992  101  0.23525  0
21930  -0.96467  -0.78540  100  0.23584  0
22081  -0.97111  -0.75061  99  0.23589  0
22233  -0.97675  -0.71568  98  0.23548  0
22384  -0.98167  -0.68071  96  0.23468  0
22534  -0.98593  -0.64576  96  0.23358  0
22686  -0.98959  -0.61092  95  0.23225  0
22837  -0.99272  -0.57622  94  0.23074  0
22989  -0.99537  -0.54171  93  0.22911  0
23139  -0.99759  -0.50742  93  0.22740  0
23289  -0.99943  -0.47336  92  0.22566  0
23440  -1.00094  -0.43954  92  0.22391  0
23591  -1.00217  -0.40598  91  0.22218  0
23742  -1.00316  -0.37266  91  0.22050  0
23894  -1.00393  -0.33960  91  0.21887  0
24045  -1.00453  -0.30677  90  0.21732  0
24195  -1.00498  -0.27418  90  0.21584  0
24347  -1.00531  -0.24180  90  0.21446  0
24500  -1.00554  -0.20964  90  0.21315  0
24650  -1.00569  -0.17766  90  0.21194  0
24802  -1.00578  -0.14587  90  0.21081  0
24952  -1.00583  -0.11425  90  0.20977  0
25102  -1.00584  -0.08278  89  0.20881  0
25252  -1.00582  -0.05146  89  0.20791  0
25404  -1.00579  -0.02028  89  0.20707  0
25555  -1.00575  0.01078  89  0.20629  0
25707  -1.00569  0.04173  89  0.20555  0
25857  -1.00563  0.07256  89  0.20484  0
26008  -1.00555  0.10329  89  0.20414  0
26158  -1.00546  0.13391  89  0.20344  0
26310  -1.00535  0.16442  89  0.20273  0
26461  -1.00520  0.19483  89  0.20199  0
26613  -1.00502  0.22513  89  0.20120  0
26763  -1.00477  0.25531  89  0.20035  0
26914  -1.00446  0.28536  89  0.19942  0
27064  -1.00406  0.31527  89  0.19839  0
27216  -1.00355  0.34502  88  0.19723  0
27368  -1.00291  0.37460  88  0.19594  0
27519  -1.00210  0.40398  88  0.20377  0
27670  -1.00127  0.43453  88  0.20738  0
27822  -1.00029  0.46563  84  0.20141  0
27976  -0.99728  0.49569  80  0.19564  0
28126  -0.99223  0.52459  75  0.19076  0
28278  -0.98529  0.55236  80  0.18542  0
28428  -0.98051  0.57975  85  0.17553  0
28579  -0.97832  0.60599  90  0.16534  0
28729  -0.97872  0.63079  96  0.15743  0
28880  -0.98131  0.65426  101  0.15119  4
29031  -0.98565  0.67652  94  0.14850  4
29183  -0.98752  0.69872  88  0.14663  4
29335  -0.98706  0.72071  83  0.14535  4
29486  -0.98444  0.74235  77  0.14448  0
29637  -0.97977  0.76351  72  0.14393  0
29789  -0.97316  0.78407  66  0.14369  0
29940  -0.96471  0.80389  61  0.14378  0
30091  -0.95447  0.82288  56  0.14427  0
30245  -0.94252  0.84092  51  0.14522  0
30395  -0.92892  0.85793  46  0.14673  0
30545  -0.91370  0.87383  41  0.14885  0
30696  -0.89692  0.88856  36  0.15154  0
30846  -0.87868  0.90213  32  0.15468  0
30996  -0.85909  0.91456  28  0.15813  0
31146  -0.83825  0.92588  25  0.16177  0
31297  -0.81626  0.93614  21  0.16550  0
31448  -0.79322  0.94540  19  0.16921  0
31599  -0.76924  0.95370  16  0.17284  0
31751  -0.74439  0.96111  14  0.17631  0
31901  -0.71878  0.96769  12  0.17959  0
32053  -0.69247  0.97350  10  0.18265  0
32203  -0.66556  0.97860  9  0.18546  0
32354  -0.63809  0.98306  7  0.18803  0
32504  -0.61016  0.98692  6  0.19033  0
32656  -0.58180  0.99024  5  0.19239  0
32807  -0.55308  0.99308  4  0.19421  0
32958  -0.52405  0.99549  3  0.19582  0
33110  -0.49475  0.99751  3  0.19721  0
33261  -0.46521  0.99920  2  0.19842  0
33414  -0.43548  1.00058  2  0.19946  0
33565  -0.40558  1.00171  1  0.20035  0
33717  -0.37554  1.00262  1  0.20110  0
33868  -0.34539  1.00333  1  0.20173  0
34017  -0.31513  1.00388  0  0.20226  0
34168  -0.28480  1.00430  0  0.20269  0
34320  -0.25439  1.00462  0  0.20303  0
34470  -0.22394  1.00484  0  0.20330  0
34621  -0.19345  1.00499  0  0.20351  0
34773  -0.16292  1.00509  0  0.20366  0
34926  -0.13237  1.00514  0  0.20375  0
35076  -0.10181  1.00517  0  0.20380  0
35227  -0.07124  1.00518  0  0.20381  0
35377  -0.04067  1.00517  0  0.20377  0
35527  -0.01010  1.00515  0  0.20369  0
35677  0.02045  1.00513  0  0.20356  0
35828  0.05099  1.00510  0  0.20338  0
35978  0.08149  1.00506  0  0.20315  0
36128  0.11197  1.00500  0  0.20286  0
36279  0.14240  1.00494  0  0.20251  0
36430  0.17277  1.00484  0  0.20208  0
36581  0.20308  1.00471  0  0.20156  0
36731  0.23332  1.00454  0  0.20095  0
36883  0.26346  1.00430  0  0.20023  0
37033  0.29349  1.00398  0  0.19939  0
37183  0.32340  1.00357  -1  0.19841  0
37334  0.35316  1.00303  -1  0.19728  0
37484  0.38274  1.00236  -1  0.19599  0
37635  0.41213  1.00150  -2  0.19451  0
37786  0.44128  1.00045  -2  0.19283  0
37937  0.47018  0.99915  -3  0.19094  0
38088  0.49878  0.99758  -3  0.18883  0
38240  0.52704  0.99570  -4  0.18648  0
38391  0.55492  0.99345  -5  0.18389  0
38542  0.58238  0.99079  -6  0.18105  0
38694  0.60935  0.98767  -7  0.17797  0
38844  0.63580  0.98403  -9  0.17467  0
38995  0.66166  0.97982  -10  0.17116  2
39147  0.68687  0.97497  -12  0.16749  2
39298  0.71138  0.96942  -14  0.16369  2
39450  0.73510  0.96311  -17  0.15985  0
39601  0.75799  0.95596  -20  0.15604  0
39753  0.77997  0.94791  -23  0.15239  0
39905  0.80098  0.93890  -26  0.14902  0
40055  0.82094  0.92885  -30  0.14608  0
40205  0.83981  0.91770  -34  0.14374  0
40355  0.85752  0.90540  -39  0.14215  0
40507  0.87402  0.89190  -44  0.14146  0
40658  0.88928  0.87715  -48  0.14175  0
40808  0.90326  0.86114  -53  0.14300  0
40960  0.91601  0.84389  -57  0.14507  0
41111  0.92758  0.82546  -61  0.14780  0
41261  0.93802  0.80590  -65  0.15103  0
41413  0.94738  0.78527  -68  0.15460  0
41565  0.95575  0.76364  -71  0.15836  0
41716  0.96319  0.74108  -74  0.16219  0
41867  0.96975  0.71766  -76  0.16601  0
42019  0.97552  0.69343  -78  0.16972  0
42169  0.98057  0.66848  -80  0.17327  0
42320  0.98494  0.64286  -81  0.17662  0
42471  0.98871  0.61664  -83  0.17975  0
42622  0.99194  0.58987  -84  0.18263  0
42773  0.99467  0.56261  -85  0.18527  0
42925  0.99697  0.53492  -86  0.18766  0
43075  0.99889  0.50683  -86  0.18981  0
43228  1.00046  0.47840  -87  0.19174  0
43377  1.00173  0.44967  -87  0.19347  0
43528  1.00275  0.42067  -88  0.19499  0
43679  1.00355  0.39143  -88  0.19634  0
43829  1.00417  0.36199  -89  0.19752  0
43979  1.00462  0.33236  -89  0.19854  0
44131  1.00495  0.30258  -89  0.19943  0
44281  1.00517  0.27267  -89  0.20020  0
44432  1.00531  0.24264  -89  0.20085  0
44583  1.00538  0.21251  -89  0.20141  0
44735  1.00541  0.18230  -90  0.20187  0
44886  1.00540  0.15202  -90  0.20225  0
45037  1.00536  0.12168  -90  0.20255  0
45188  1.00531  0.09130  -90  0.20278  0
45338  1.00526  0.06088  -90  0.20294  0
45488  1.00520  0.03044  -90  0.20304  0
45639  1.00513  -0.00001  -90  0.20308  0
45789  1.00507  -0.03048  -90  0.20305  0
45940  1.00501  -0.06093  -90  0.20296  0
46090  1.00495  -0.09138  -90  0.20280  0
46241  1.00487  -0.12180  -90  0.20256  0
46392  1.00478  -0.15218  -90  0.20224  0
46543  1.00466  -0.18252  -90  0.20183  0
46694  1.00451  -0.21279  -90  0.20133  0
46845  1.00431  -0.24299  -90  0.20072  0
46995  1.00405  -0.27310  -90  0.19998  0
47145  1.00370  -0.30309  -90  0.19912  0
47296  1.00324  -0.33296  -91  0.19811  0
47446  1.00266  -0.36267  -91  0.19693  0
47597  1.00193  -0.39220  -91  0.19559  0
47748  1.00101  -0.42152  -92  0.19405  0
47899  0.99988  -0.45061  -92  0.19230  0
48049  0.99849  -0.47942  -93  0.19034  0
48200  0.99682  -0.50792  -94  0.18815  0
48351  0.99482  -0.53607  -94  0.18571  0
48503  0.99244  -0.56383  -95  0.18304  0
48655  0.98963  -0.59114  -96  0.18012  0
48805  0.98634  -0.61796  -98  0.17697  0
48957  0.98252  -0.64422  -99  0.17359  2
49109  0.97811  -0.66988  -101  0.17002  2
49259  0.97303  -0.69488  -103  0.16630  2
49411  0.96724  -0.71914  -105  0.16248  0
49563  0.96066  -0.74261  -108  0.15864  0
49714  0.95322  -0.76521  -111  0.15488  0
49868  0.94487  -0.78689  -114  0.15131  0
50018  0.93553  -0.80758  -117  0.14806  0
50168  0.92513  -0.82720  -121  0.14530  0
50320  0.91363  -0.84571  -126  0.14318  0
50471  0.90096  -0.86306  -130  0.14186  0
50621  0.88708  -0.87918  -135  0.14145  0
50773  0.87195  -0.89406  -140  0.14204  0
50925  0.85556  -0.90767  -144  0.14356  0
51074  0.83794  -0.92005  -149  0.14587  0
51225  0.81915  -0.93126  -153  0.14878  0
51376  0.79924  -0.94135  -156  0.15215  0
51528  0.77829  -0.95039  -159  0.15580  0
51679  0.75635  -0.95845  -162  0.15961  0
51830  0.73350  -0.96560  -165  0.16346  0
51982  0.70980  -0.97189  -167  0.16726  0
52133  0.68533  -0.97742  -169  0.17093  0
52285  0.66014  -0.98223  -170  0.17443  0
52435  0.63431  -0.98639  -172  0.17772  0
52587  0.60789  -0.98997  -173  0.18077  0
52739  0.58095  -0.99302  -174  0.18358  0
52892  0.55354  -0.99560  -175  0.18613  0
53043  0.52570  -0.99776  -176  0.18845  0
53193  0.49749  -0.99955  -177  0.19053  0
53344  0.46895  -1.00101  -177  0.19239  0
53495  0.44011  -1.00219  -178  0.19404  0
53646  0.41102  -1.00312  -178  0.19551  0
53797  0.38170  -1.00385  -178  0.19680  0
53947  0.35219  -1.00440  -179  0.19792  0
54100  0.32251  -1.00481  -179  0.19890  0
54252  0.29267  -1.00509  -179  0.19975  0
54403  0.26271  -1.00528  -179  0.20047  0
54553  0.23264  -1.00539  -179  0.20109  0
54704  0.20248  -1.00544  -179  0.20161  0
54855  0.17223  -1.00545  179  0.20204  0
55007  0.14193  -1.00543  179  0.20240  0
55157  0.11157  -1.00539  179  0.20268  0
55307  0.08117  -1.00534  179  0.20288  0
55459  0.05073  -1.00528  179  0.20303  0
55609  0.02028  -1.00522  179  0.20311  0
55760  -0.01019  -1.00516  179  0.20313  0
55914  -0.04066  -1.00510  179  0.20308  0
56065  -0.07112  -1.00504  179  0.20297  0
56215  -0.10156  -1.00498  179  0.20278  0
56365  -0.13198  -1.00491  179  0.20252  0
56515  -0.16236  -1.00481  179  0.20218  0
56665  -0.19269  -1.00470  179  0.20175  0
56815  -0.22295  -1.00454  179  0.20122  0
56965  -0.25313  -1.00433  179  0.20057  0
57116  -0.28321  -1.00405  179  0.19980  0
57267  -0.31318  -1.00368  179  0.19889  0
57418  -0.34301  -1.00320  178  0.19783  0
57569  -0.37268  -1.00258  -177  0.19108  0
57721  -0.40131  -1.00391  -172  0.18397  0
57872  -0.42869  -1.00733  -168  0.17741  0
58023  -0.45477  -1.01266  -163  0.16983  0
58175  -0.47921  -1.01983  -159  0.16426  0
58327  -0.50226  -1.02853  -155  0.16059  0
58478  -0.52420  -1.03848  -153  0.16014  0
58631  -0.54563  -1.04934  -151  0.15980  0
58781  -0.56668  -1.06080  -150  0.16101  0
58931  -0.58771  -1.07267  -150  0.16202  0
59082  -0.60878  -1.08478  -149  0.16259  0
59232  -0.62989  -1.09700  -150  0.16288  0
59384  -0.65107  -1.10917  -150  0.16287  0
59535  -0.67237  -1.12114  -151  0.16268  0
59686  -0.69384  -1.13274  -167  0.14822  0
59837  -0.71556  -1.13751  176  0.14483  0
59987  -0.73725  -1.13630  163  0.14906  0
60137  -0.75867  -1.12990  152  0.15743  0
60289  -0.77960  -1.11896  143  0.16748  0
60441  -0.79984  -1.10408  136  0.17776  0
60591  -0.81923  -1.08578  130  0.18751  0
60744  -0.83762  -1.06449  125  0.19642  0
60896  -0.85489  -1.04062  121  0.20427  0
61045  -0.87100  -1.01456  118  0.21099  0
61199  -0.88594  -0.98666  115  0.21658  0
61379  -0.89972  -0.95724  112  0.22111  0
61503  -0.91235  -0.92658  109  0.22466  0
61654  -0.92388  -0.89491  107  0.22733  0
61805  -0.93433  -0.86245  105  0.22924  0
61955  -0.94377  -0.82939  104  0.23046  0
62106  -0.95224  -0.79587  102  0.23111  0
62259  -0.95981  -0.76204  101  0.23126  0
62408  -0.96654  -0.72801  99  0.23100  0
62559  -0.97249  -0.69388  98  0.23039  0
62710  -0.97771  -0.65972  97  0.22952  0
62860  -0.98228  -0.62559  96  0.22842  0
63011  -0.98625  -0.59156  95  0.22716  0
63162  -0.98967  -0.55766  94  0.22579  0
63313  -0.99259  -0.52392  94  0.22434  0
63463  -0.99508  -0.49036  93  0.22286  0
63613  -0.99718  -0.45699  93  0.22136  0
63763  -0.99894  -0.42384  92  0.21988  0
63914  -1.00039  -0.39089  92  0.21842  0
64065  -1.00159  -0.35814  91  0.21702  0
64217  -1.00256  -0.32561  91  0.21567  0
64397  -1.00333  -0.29326  91  0.21439  0
64518  -1.00395  -0.26111  90  0.21318  0
64669  -1.00443  -0.22914  90  0.21204  0
64819  -1.00479  -0.19734  90  0.21098  0
64970  -1.00507  -0.16569  90  0.20999  0
65121  -1.00527  -0.13419  90  0.20907  0
65272  -1.00541  -0.10283  90  0.20822  0
65423  -1.00550  -0.07160  90  0.20743  0
65574  -1.00557  -0.04048  90  0.20670  0
65723  -1.00560  -0.00948  90  0.20601  0
65874  -1.00561  0.02142  89  0.20535  0
66026  -1.00560  0.05223  89  0.20472  0
66178  -1.00557  0.08293  89  0.20410  0
66329  -1.00552  0.11355  89  0.20348  0
66481  -1.00544  0.14407  89  0.20285  0
66634  -1.00533  0.17450  89  0.20219  0
66785  -1.00519  0.20483  89  0.20149  0
66936  -1.00499  0.23505  89  0.20073  0
67087  -1.00473  0.26516  89  0.19989  0
67238  -1.00439  0.29514  89  0.19896  0
67389  -1.00395  0.32498  88  0.19791  0
67539  -1.00339  0.35466  88  0.19673  0
67690  -1.00268  0.38416  88  0.19540  0
67840  -1.00180  0.41346  87  0.19391  0
67991  -1.00072  0.44253  87  0.20394  0
68142  -0.99928  0.47308  90  0.19557  0
68292  -0.99938  0.50242  93  0.18838  0
68442  -1.00117  0.53062  96  0.18244  0
68594  -1.00436  0.55780  99  0.17703  0
68745  -1.00874  0.58399  101  0.17219  0
68896  -1.01404  0.60927  104  0.16749  0
69047  -1.02015  0.63364  105  0.16284  4
69199  -1.02677  0.65715  106  0.15806  4
69350  -1.03363  0.67984  107  0.15298  4
69504  -1.04040  0.70177  97  0.14623  0
69656  -1.04309  0.72354  87  0.14323  0
69806  -1.04210  0.74500  78  0.14292  0
69957  -1.03783  0.76601  70  0.14441  0
70108  -1.03059  0.78642  63  0.14703  0
70258  -1.02067  0.80612  56  0.15032  0
70409  -1.00831  0.82498  50  0.15401  0
70560  -0.99372  0.84289  45  0.15795  0
70711  -0.97710  0.85977  40  0.16208  0
70862  -0.95859  0.87554  35  0.16635  0
71012  -0.93836  0.89014  31  0.17064  0
71162  -0.91657  0.90358  27  0.17484  0
71313  -0.89341  0.91588  24  0.17886  0
71464  -0.86903  0.92708  21  0.18264  0
71615  -0.84358  0.93723  19  0.18614  0
71766  -0.81720  0.94637  16  0.18934  0
71916  -0.79001  0.95458  14  0.19222  0
72067  -0.76212  0.96189  12  0.19479  0
72218  -0.73364  0.96838  11  0.19704  0
72368  -0.70464  0.97411  9  0.19899  0
72519  -0.67522  0.97913  8  0.20066  0
72669  -0.64544  0.98352  7  0.20206  0
72819  -0.61537  0.98731  6  0.20321  0
72970  -0.58506  0.99058  5  0.20414  0
73120  -0.55457  0.99337  4  0.20487  0
73271  -0.52393  0.99573  3  0.20543  0
73423  -0.49318  0.99772  3  0.20584  0
73574  -0.46235  0.99937  2  0.20613  0
73726  -0.43146  1.00072  2  0.20630  0
73876  -0.40053  1.00183  1  0.20639  0
74027  -0.36959  1.00271  1  0.20641  0
74177  -0.33863  1.00341  1  0.20637  0
74327  -0.30768  1.00395  0  0.20627  0
74479  -0.27674  1.00436  0  0.20615  0
74631  -0.24582  1.00466  0  0.20599  0
74782  -0.21493  1.00488  0  0.20581  0
74933  -0.18406  1.00502  0  0.20561  0
75084  -0.15321  1.00512  0  0.20540  0
75237  -0.12240  1.00517  0  0.20518  0
75387  -0.09163  1.00520  0  0.20495  0
75537  -0.06088  1.00521  0  0.20471  0
75688  -0.03018  1.00520  0  0.20445  0
75840  0.00049  1.00518  0  0.20418  0
75992  0.03112  1.00515  0  0.20388  0
76143  0.06170  1.00512  0  0.20356  0
76295  0.09223  1.00507  0  0.20320  0
76445  0.12271  1.00501  0  0.20280  0
76595  0.15313  1.00493  0  0.20235  0
76745  0.18348  1.00482  0  0.20183  0
76895  0.21376  1.00467  0  0.20123  0
77046  0.24394  1.00447  0  0.20055  0
77198  0.27402  1.00420  0  0.19976  0
77348  0.30399  1.00384  0  0.19885  0
77499  0.33381  1.00339  -1  0.19781  0
77651  0.36347  1.00280  -1  0.19661  0
77802  0.39296  1.00206  -1  0.19525  0
77953  0.42223  1.00113  -2  0.19371  0
78105  0.45127  0.99999  -2  0.19197  0
78258  0.48003  0.99860  -3  0.19001  0
78408  0.50848  0.99692  -4  0.18783  0
78560  0.53658  0.99491  -4  0.18541  0
78711  0.56429  0.99252  -5  0.18275  0
78863  0.59156  0.98971  -7  0.17985  0
79013  0.61833  0.98641  -8  0.17671  0
79164  0.64456  0.98258  -9  0.17335  2
79315  0.67018  0.97816  -11  0.16980  2
79467  0.69514  0.97308  -13  0.16610  0
79618  0.71937  0.96728  -15  0.16230  0
79768  0.74281  0.96070  -18  0.15848  0
79920  0.76539  0.95326  -21  0.15474  0
80071  0.78704  0.94490  -24  0.15118  0
80221  0.80771  0.93555  -27  0.14796  0
80372  0.82731  0.92516  -31  0.14521  0
80523  0.84581  0.91365  -36  0.14311  0
80673  0.86313  0.90097  -40  0.14180  0
80823  0.87925  0.88709  -45  0.14141  0
80973  0.89411  0.87196  -50  0.14201  0
81123  0.90771  0.85556  -54  0.14354  0
81274  0.92008  0.83794  -59  0.14585  0
81424  0.93128  0.81915  -63  0.14877  0
81575  0.94137  0.79924  -66  0.15214  0
81725  0.95041  0.77829  -69  0.15580  0
81875  0.95846  0.75635  -72  0.15961  0
82026  0.96560  0.73350  -75  0.16346  0
82177  0.97189  0.70980  -77  0.16726  0
82328  0.97741  0.68533  -79  0.17093  0
82479  0.98222  0.66014  -80  0.17443  0
82629  0.98638  0.63431  -82  0.17772  0
82781  0.98996  0.60789  -83  0.18077  0
82931  0.99301  0.58095  -84  0.18358  0
83082  0.99559  0.55353  -85  0.18613  0
83233  0.99775  0.52570  -86  0.18845  0
83385  0.99954  0.49749  -87  0.19053  0
83536  1.00100  0.46895  -87  0.19239  0
83686  1.00218  0.44011  -88  0.19404  0
83838  1.00311  0.41102  -88  0.19551  0
83988  1.00384  0.38170  -88  0.19679  0
84139  1.00439  0.35219  -89  0.19792  0
84290  1.00480  0.32250  -89  0.19890  0
84441  1.00508  0.29267  -89  0.19975  0
84592  1.00527  0.26271  -89  0.20047  0
84743  1.00538  0.23264  -89  0.20109  0
84894  1.00544  0.20247  -89  0.20161  0
85046  1.00545  0.17223  -90  0.20204  0
85197  1.00543  0.14193  -90  0.20240  0
85349  1.00539  0.11157  -90  0.20267  0
85500  1.00533  0.08117  -90  0.20288  0
85650  1.00528  0.05073  -90  0.20303  0
85800  1.00522  0.02028  -90  0.20311  0
85952  1.00516  -0.01019  -90  0.20313  0
86103  1.00510  -0.04066  -90  0.20308  0
86253  1.00504  -0.07112  -90  0.20297  0
86404  1.00498  -0.10156  -90  0.20278  0
86557  1.00490  -0.13198  -90  0.20252  0
86706  1.00481  -0.16236  -90  0.20218  0
86857  1.00469  -0.19269  -90  0.20175  0
87007  1.00454  -0.22295  -90  0.20122  0
87158  1.00433  -0.25313  -90  0.20057  0
87310  1.00405  -0.28321  -90  0.19980  0
87461  1.00368  -0.31318  -90  0.19889  0
87611  1.00320  -0.34301  -91  0.19783  0
87762  1.00258  -0.37268  -91  0.19661  0
87914  1.00181  -0.40216  -91  0.19520  0
88066  1.00084  -0.43143  -92  0.19360  0
88216  0.99964  -0.46044  -92  0.19179  0
88367  0.99819  -0.48917  -93  0.18975  0
88517  0.99643  -0.51758  -94  0.18748  0
88668  0.99432  -0.54562  -95  0.18496  0
88818  0.99182  -0.57326  -96  0.18220  0
88970  0.98888  -0.60043  -97  0.17920  0
89120  0.98544  -0.62709  -98  0.17595  2
89271  0.98144  -0.65317  -100  0.17250  2
89422  0.97683  -0.67863  -102  0.16886  2
89573  0.97153  -0.70340  -104  0.16507  0
89724  0.96549  -0.72742  -106  0.16122  0
89876  0.95864  -0.75061  -109  0.15737  0
90026  0.95091  -0.77291  -112  0.15363  0
90177  0.94222  -0.79425  -115  0.15013  0
90329  0.93252  -0.81458  -119  0.14701  0
90480  0.92174  -0.83381  -123  0.14444  0
90630  0.90981  -0.85190  -127  0.14258  0
90780  0.89669  -0.86879  -132  0.14159  0
90932  0.88233  -0.88444  -137  0.14157  0
91084  0.86670  -0.89881  -142  0.14253  0
91233  0.84983  -0.91194  -146  0.14435  0
91384  0.83176  -0.92387  -150  0.14689  0
91534  0.81254  -0.93466  -154  0.14997  0
91685  0.79225  -0.94436  -157  0.15344  0
91836  0.77093  -0.95304  -160  0.15714  0
91987  0.74867  -0.96077  -163  0.16095  0
92138  0.72551  -0.96761  -165  0.16478  0
92289  0.70154  -0.97363  -167  0.16852  0
92439  0.67682  -0.97891  -169  0.17212  0
92590  0.65141  -0.98349  -171  0.17554  0
92740  0.62538  -0.98746  -172  0.17873  0
92891  0.59879  -0.99086  -173  0.18170  0
93041  0.57169  -0.99375  -174  0.18441  0
93192  0.54413  -0.99619  -175  0.18688  0
93343  0.51618  -0.99823  -176  0.18911  0
93495  0.48786  -0.99992  -177  0.19111  0
93646  0.45923  -1.00129  -177  0.19290  0
93796  0.43031  -1.00239  -178  0.19449  0
93947  0.40115  -1.00327  -178  0.19589  0
94098  0.37178  -1.00394  -179  0.19712  0
94249  0.34221  -1.00445  -179  0.19820  0
94399  0.31249  -1.00482  -179  0.19914  0
94549  0.28262  -1.00508  -179  0.19994  0
94700  0.25263  -1.00525  -179  0.20063  0
94850  0.22253  -1.00534  -179  0.20122  0
95000  0.19235  -1.00539  -179  0.20171  0
95152  0.16209  -1.00539  179  0.20212  0
95302  0.13177  -1.00537  179  0.20245  0
95453  0.10141  -1.00532  179  0.20271  0
95604  0.07100  -1.00527  179  0.20289  0
95754  0.04057  -1.00522  179  0.20302  0
95905  0.01011  -1.00516  179  0.20308  0
96056  -0.02035  -1.00510  179  0.20307  0
96207  -0.05081  -1.00504  179  0.20301  0
96358  -0.08126  -1.00498  179  0.20287  0
96510  -0.11169  -1.00491  179  0.20266  0
96661  -0.14209  -1.00483  179  0.20237  0
96813  -0.17244  -1.00473  179  0.20200  0
96963  -0.20274  -1.00460  179  0.20153  0
97115  -0.23297  -1.00442  179  0.20096  0
97265  -0.26312  -1.00418  179  0.20027  0
97415  -0.29316  -1.00387  179  0.19945  0
97566  -0.32307  -1.00346  178  0.19850  0
97717  -0.35284  -1.00293  -176  0.19254  0
97869  -0.38168  -1.00456  -172  0.18733  0
98021  -0.40953  -1.00829  -168  0.18338  0
98173  -0.43646  -1.01388  -164  0.18074  0
98324  -0.46262  -1.02098  -162  0.17963  0
98475  -0.48826  -1.02926  -159  0.17890  0
98626  -0.51346  -1.03848  -158  0.17872  0
98777  -0.53837  -1.04841  -157  0.17868  0
98927  -0.56305  -1.05884  -156  0.17832  0
99078  -0.58753  -1.06964  -155  0.17778  0
99229  -0.61181  -1.08066  -155  0.17675  0
99381  -0.63589  -1.09175  -166  0.16577  0
99532  -0.66002  -1.09774  -176  0.16039  0
99683  -0.68403  -1.09923  174  0.15899  0
99834  -0.70775  -1.09678  165  0.16011  0
99986  -0.73103  -1.09085  158  0.16265  0
