t  x  y  th  vel  obstacle
218   1.00000  1.00000  0  0.00000  0
370   1.00000  1.00000  -89  0.04055  0
521   1.00000  0.99392  -89  0.07578  0
673   1.00000  0.98255  -89  0.10619  0
825   1.00000  0.96662  -89  0.13225  0
976   1.00000  0.94679  -89  0.15439  0
1127  1.00000  0.92363  -89  0.17304  0
1281  1.00000  0.89767  -89  0.18858  0
1433  1.00000  0.86938  -89  0.20137  0
1584  1.00000  0.83918  -89  0.21174  0
1735  1.00000  0.80742  -89  0.22000  0
1887  1.00000  0.77442  -89  0.22643  0
2038  1.00000  0.74045  -89  0.23127  0
2189  1.00000  0.70576  -89  0.23476  0
2339  1.00000  0.67055  -89  0.23709  0
2491  1.00000  0.63499  -89  0.23846  0
2643  1.00000  0.59922  -89  0.23903  0
2794  1.00000  0.56336  -89  0.23894  0
2944  1.00001  0.52752  -89  0.23833  0
3094  1.00002  0.49177  -89  0.23731  0
3245  1.00004  0.45618  -89  0.23597  0
3395  1.00006  0.42078  -89  0.23438  0
3546  1.00010  0.38562  -89  0.23264  0
3696  1.00015  0.35073  -89  0.23078  0
3847  1.00022  0.31611  -89  0.22886  0
3997  1.00030  0.28178  -89  0.22692  0
4148  1.00040  0.24774  -89  0.22499  0
4299  1.00051  0.21400  -89  0.22310  0
4450  1.00064  0.18053  -89  0.22126  0
4601  1.00079  0.14734  -89  0.21949  0
4752  1.00095  0.11442  -89  0.21780  0
4901  1.00113  0.08175  -89  0.21619  0
5052  1.00132  0.04932  -89  0.21466  0
5203  1.00152  0.01712  -89  0.21321  0
5355  1.00172  -0.01486  -89  0.21183  0
5507  1.00192  -0.04663  -89  0.21052  0
5661  1.00212  -0.07821  -89  0.20927  0
5812  1.00230  -0.10960  -89  0.20806  0
5963  1.00246  -0.14080  -89  0.20688  0
6113  1.00258  -0.17184  -89  0.20572  0
6263  1.00267  -0.20269  -89  0.20456  0
6414  1.00269  -0.23338  -90  0.20338  0
6565  1.00265  -0.26388  -90  0.20216  0
6715  1.00251  -0.29421  -90  0.20088  0
6866  1.00226  -0.32434  -90  0.19953  0
7018  1.00188  -0.35427  -91  0.19808  0
7168  1.00134  -0.38397  -91  0.19651  0
7319  1.00062  -0.41344  -91  0.19480  0
7470  0.99968  -0.44264  -92  0.19293  0
7623  0.99850  -0.47156  -92  0.19088  0
7773  0.99702  -0.50015  -93  0.18864  0
7924  0.99522  -0.52839  -94  0.18618  0
8075  0.99305  -0.55623  -95  0.18351  0
8226  0.99046  -0.58364  -96  0.18062  0
8376  0.98740  -0.61056  -97  0.17750  0
8527  0.98381  -0.63694  -99  0.17417  0
8677  0.97965  -0.66273  -100  0.17065  0
8827  0.97484  -0.68787  -102  0.16697  2
8978  0.96933  -0.71230  -104  0.16318  2
9129  0.96304  -0.73596  -107  0.15935  0
9279  0.95592  -0.75877  -110  0.15557  0
9429  0.94789  -0.78068  -113  0.15194  0
9579  0.93889  -0.80162  -116  0.14860  0
9729  0.92885  -0.82153  -120  0.14570  0
9880  0.91772  -0.84033  -124  0.14340  0
10032  0.90543  -0.85799  -129  0.14185  0
10183  0.89193  -0.87444  -134  0.14120  0
10333  0.87719  -0.88965  -138  0.14153  0
10485  0.86118  -0.90359  -143  0.14282  0
10636  0.84393  -0.91630  -147  0.14493  0
10788  0.82550  -0.92782  -151  0.14769  0
10939  0.80594  -0.93823  -155  0.15095  0
11089  0.78532  -0.94757  -158  0.15454  0
11241  0.76369  -0.95591  -161  0.15832  0
11396  0.74113  -0.96332  -164  0.16217  0
11547  0.71770  -0.96986  -166  0.16599  0
11697  0.69348  -0.97561  -168  0.16971  0
11848  0.66852  -0.98064  -170  0.17327  0
11999  0.64290  -0.98500  -171  0.17663  0
12151  0.61667  -0.98875  -173  0.17976  0
12302  0.58990  -0.99197  -174  0.18264  0
12453  0.56264  -0.99470  -175  0.18528  0
12604  0.53494  -0.99699  -176  0.18767  0
12754  0.50686  -0.99889  -176  0.18983  0
12904  0.47843  -1.00046  -177  0.19176  0
13055  0.44969  -1.00173  -177  0.19348  0
13205  0.42069  -1.00275  -178  0.19500  0
13356  0.39145  -1.00354  -178  0.19635  0
13506  0.36200  -1.00415  -179  0.19753  0
13657  0.33238  -1.00461  -179  0.19855  0
13808  0.30259  -1.00494  -179  0.19944  0
13959  0.27268  -1.00516  -179  0.20021  0
14109  0.24265  -1.00529  -179  0.20086  0
14259  0.21252  -1.00537  -179  0.20141  0
14411  0.18231  -1.00539  179  0.20187  0
14562  0.15203  -1.00538  179  0.20225  0
14712  0.12169  -1.00535  179  0.20255  0
14864  0.09130  -1.00530  179  0.20278  0
15015  0.06089  -1.00524  179  0.20295  0
15166  0.03045  -1.00518  179  0.20305  0
15317  -0.00001  -1.00512  179  0.20308  0
15469  -0.03047  -1.00506  179  0.20305  0
15620  -0.06093  -1.00500  179  0.20296  0
15771  -0.09138  -1.00494  179  0.20280  0
15922  -0.12180  -1.00486  179  0.20256  0
16072  -0.15218  -1.00477  179  0.20224  0
16223  -0.18252  -1.00466  179  0.20183  0
16375  -0.21279  -1.00451  179  0.20133  0
16525  -0.24299  -1.00431  179  0.20072  0
16677  -0.27310  -1.00404  179  0.19999  0
16829  -0.30309  -1.00369  179  0.19912  0
16980  -0.33296  -1.00324  178  0.19811  0
17130  -0.36267  -1.00266  -175  0.18715  0
17281  -0.39067  -1.00469  -170  0.17726  0
17433  -0.41687  -1.00919  -164  0.16980  0
17584  -0.44146  -1.01584  -159  0.16431  0
17734  -0.46460  -1.02432  -155  0.16026  0
17884  -0.48647  -1.03430  -151  0.15710  0
18035  -0.50724  -1.04542  -148  0.15435  0
18186  -0.52708  -1.05736  -146  0.15159  0
18337  -0.54615  -1.06975  -145  0.14853  0
18487  -0.56457  -1.08228  -145  0.14498  0
18638  -0.58249  -1.09460  -146  0.14084  0
18790  -0.60002  -1.10639  -147  0.13614  0
18941  -0.61725  -1.11735  -149  0.13100  0
19092  -0.63427  -1.12718  -153  0.12562  0
19243  -0.65112  -1.13561  -157  0.12031  0
19395  -0.66785  -1.14238  -163  0.11547  0
19546  -0.68446  -1.14727  -170  0.11157  0
19697  -0.70096  -1.15008  -178  0.10911  0
19869  -0.71732  -1.15063  173  0.10854  0
20019  -0.73349  -1.14877  164  0.11019  0
20170  -0.74943  -1.14439  155  0.11417  0
20321  -0.76507  -1.13741  147  0.12035  0
20472  -0.78033  -1.12777  140  0.12846  0
20622  -0.79515  -1.11545  133  0.13806  0
20773  -0.80948  -1.10050  128  0.14866  0
20923  -0.82329  -1.08299  123  0.15976  0
21075  -0.83655  -1.06303  119  0.17099  0
21224  -0.84924  -1.04074  116  0.18203  0
21375  -0.86133  -1.01626  113  0.19264  0
21527  -0.87282  -0.98975  110  0.20264  0
21677  -0.88369  -0.96136  108  0.21189  0
21827  -0.89394  -0.93128  106  0.22032  0
21978  -0.90358  -0.89966  105  0.22788  0
22129  -0.91260  -0.86669  103  0.23453  0
22278  -0.92102  -0.83254  102  0.24028  0
22428  -0.92885  -0.79736  101  0.24514  0
22579  -0.93611  -0.76131  100  0.24916  0
22730  -0.94282  -0.72454  99  0.25237  0
22882  -0.94900  -0.68719  98  0.25483  0
23033  -0.95467  -0.64939  97  0.25661  0
23183  -0.95986  -0.61125  97  0.25775  0
23333  -0.96460  -0.57288  96  0.25833  0
23485  -0.96892  -0.53437  95  0.25841  0
23635  -0.97285  -0.49581  95  0.25804  0
23785  -0.97640  -0.45727  94  0.25728  0
23936  -0.97962  -0.41881  94  0.25619  0
24087  -0.98253  -0.38050  93  0.25481  0
24238  -0.98515  -0.34236  93  0.25321  0
24388  -0.98751  -0.30446  93  0.25141  0
24538  -0.98963  -0.26680  92  0.24946  0
24688  -0.99153  -0.22943  92  0.24739  0
24839  -0.99324  -0.19236  92  0.24523  0
24989  -0.99477  -0.15561  92  0.24302  0
25139  -0.99613  -0.11918  91  0.24076  0
25289  -0.99735  -0.08309  91  0.23848  0
25439  -0.99844  -0.04733  91  0.23620  0
25590  -0.99940  -0.01192  91  0.23392  0
25740  -1.00025  0.02316  91  0.23165  0
25890  -1.00098  0.05790  91  0.22939  0
26041  -1.00161  0.09230  90  0.22714  0
26192  -1.00213  0.12637  90  0.22491  0
26343  -1.00255  0.16010  90  0.22268  0
26493  -1.00285  0.19350  90  0.22044  0
26644  -1.00304  0.22657  90  0.21820  0
26793  -1.00310  0.25930  89  0.21592  0
26944  -1.00302  0.29169  93  0.20881  0
27094  -1.00488  0.32295  98  0.19834  0
27244  -1.00911  0.35240  102  0.19007  0
27395  -1.01540  0.38021  106  0.18358  0
27545  -1.02341  0.40656  110  0.17844  0
27695  -1.03281  0.43161  113  0.17420  0
27846  -1.04328  0.45556  115  0.17045  0
27996  -1.05447  0.47855  117  0.16686  0
28148  -1.06605  0.50073  118  0.16318  0
28300  -1.07770  0.52226  118  0.15927  0
28451  -1.08911  0.54325  117  0.15504  0
28601  -1.09997  0.56382  116  0.15052  0
28753  -1.10999  0.58405  114  0.14580  0
28904  -1.11892  0.60401  111  0.14103  0
29055  -1.12651  0.62376  107  0.13643  0
29207  -1.13252  0.64332  102  0.13228  0
29358  -1.13677  0.66270  96  0.12886  0
29510  -1.13907  0.68189  90  0.12647  0
29661  -1.13927  0.70086  83  0.12538  0
29810  -1.13725  0.71956  76  0.12581  0
29964  -1.13291  0.73793  69  0.12787  0
30115  -1.12618  0.75589  62  0.13157  0
30265  -1.11701  0.77336  55  0.13680  0
30417  -1.10537  0.79026  49  0.14340  0
30578  -1.09127  0.80650  43  0.15111  0
30729  -1.07478  0.82205  38  0.15956  0
30880  -1.05598  0.83687  33  0.16840  0
31030  -1.03500  0.85094  29  0.17734  0
31180  -1.01196  0.86424  26  0.18614  0
31331  -0.98701  0.87676  23  0.19459  0
31483  -0.96029  0.88850  21  0.20255  0
31632  -0.93195  0.89948  18  0.20992  0
31783  -0.90217  0.90970  16  0.21661  0
31933  -0.87109  0.91917  15  0.22259  0
32083  -0.83887  0.92792  13  0.22785  0
32233  -0.80565  0.93598  12  0.23237  0
32384  -0.77159  0.94337  10  0.23618  0
32534  -0.73681  0.95012  9  0.23930  0
32686  -0.70145  0.95627  8  0.24177  0
32836  -0.66562  0.96185  7  0.24365  0
32987  -0.62942  0.96689  7  0.24498  0
33137  -0.59295  0.97144  6  0.24581  0
33288  -0.55631  0.97552  5  0.24620  0
33438  -0.51956  0.97917  5  0.24619  0
33588  -0.48277  0.98243  4  0.24583  0
33739  -0.44601  0.98534  4  0.24518  0
33891  -0.40933  0.98792  3  0.24427  0
34041  -0.37276  0.99020  3  0.24314  0
34193  -0.33634  0.99222  2  0.24183  0
34344  -0.30011  0.99400  2  0.24039  0
34494  -0.26409  0.99557  2  0.23883  0
34645  -0.22829  0.99695  1  0.23718  0
34795  -0.19274  0.99816  1  0.23547  0
34946  -0.15743  0.99922  1  0.23372  0
35097  -0.12238  1.00015  1  0.23194  0
35247  -0.08760  1.00097  1  0.23015  0
35400  -0.05309  1.00168  1  0.22836  0
35550  -0.01884  1.00230  0  0.22657  0
35701  0.01514  1.00283  0  0.22479  0
35851  0.04886  1.00328  0  0.22301  0
36003  0.08231  1.00365  0  0.22125  0
36153  0.11549  1.00394  0  0.21948  0
36304  0.14841  1.00416  0  0.21771  0
36456  0.18107  1.00429  0  0.21593  0
36606  0.21346  1.00434  0  0.21413  0
36757  0.24558  1.00429  0  0.21229  0
36907  0.27742  1.00412  0  0.21040  0
37057  0.30898  1.00383  0  0.20844  0
37207  0.34024  1.00339  -1  0.20640  0
37358  0.37120  1.00279  -1  0.20425  0
37509  0.40182  1.00199  -1  0.20199  0
37660  0.43211  1.00097  -2  0.19959  0
37810  0.46202  0.99970  -3  0.19704  0
37961  0.49153  0.99815  -3  0.19431  0
38112  0.52062  0.99626  -10  0.18316  0
38263  0.54767  0.99146  -16  0.17472  0
38414  0.57276  0.98390  -23  0.16894  0
38566  0.59605  0.97390  -29  0.16555  0
38716  0.61768  0.96171  -35  0.16406  0
38866  0.63782  0.94756  -40  0.16394  0
39017  0.65660  0.93169  -44  0.16291  0
39168  0.67417  0.91471  -47  0.16221  0
39318  0.69067  0.89682  -50  0.16161  0
39470  0.70622  0.87823  -51  0.15839  0
39620  0.72094  0.85958  -53  0.15509  0
39772  0.73494  0.84099  -53  0.14902  0
39923  0.74830  0.82307  -53  0.14318  0
40075  0.76109  0.80582  -52  0.13484  0
40226  0.77339  0.78977  -51  0.12736  0
40378  0.78524  0.77478  -49  0.11784  0
40528  0.79666  0.76129  -54  0.12664  0
40678  0.80769  0.74582  -58  0.13486  0
40828  0.81835  0.72863  -61  0.14228  0
40979  0.82866  0.70995  -63  0.14876  0
41129  0.83865  0.68999  -65  0.15430  0
41279  0.84832  0.66896  -66  0.15892  0
41430  0.85768  0.64704  -68  0.16268  0
41582  0.86674  0.62438  -69  0.16566  0
41733  0.87548  0.60112  -70  0.16795  0
41885  0.88392  0.57738  -71  0.16965  0
42035  0.89205  0.55327  -72  0.17085  0
42186  0.89985  0.52886  -73  0.17165  0
42336  0.90734  0.50422  -73  0.17213  0
42487  0.91449  0.47941  -74  0.17238  0
42638  0.92130  0.45447  -75  0.17246  0
42789  0.92778  0.42943  -76  0.17244  0
42940  0.93392  0.40430  -77  0.17239  0
43092  0.93972  0.37910  -77  0.17235  0
43245  0.94518  0.35383  -78  0.17235  0
43396  0.95031  0.32849  -79  0.17243  0
43548  0.95512  0.30308  -80  0.17260  0
43699  0.95962  0.27758  -80  0.17287  0
43850  0.96381  0.25199  -81  0.17326  0
44001  0.96770  0.22630  -82  0.17376  0
44151  0.97132  0.20049  -82  0.17437  0
44302  0.97466  0.17454  -83  0.17508  0
44453  0.97775  0.14847  -83  0.17588  0
44605  0.98060  0.12224  -84  0.17676  0
44755  0.98322  0.09585  -84  0.17771  0
44905  0.98562  0.06931  -85  0.17870  0
45056  0.98782  0.04259  -85  0.17973  0
45207  0.98984  0.01571  -86  0.18077  0
45358  0.99167  -0.01135  -86  0.18182  0
45509  0.99334  -0.03857  -86  0.18285  0
45659  0.99484  -0.06595  -87  0.18385  0
45811  0.99620  -0.09350  -87  0.18480  0
45961  0.99741  -0.12119  -87  0.18569  0
46113  0.99847  -0.14903  -88  0.18651  0
46263  0.99940  -0.17699  -88  0.18722  0
46415  1.00019  -0.20506  -88  0.18783  0
46565  1.00084  -0.23323  -88  0.18832  0
46715  1.00134  -0.26147  -89  0.18866  0
46866  1.00169  -0.28977  -89  0.18884  0
47016  1.00188  -0.31809  -89  0.18886  0
47166  1.00189  -0.34642  -90  0.18868  0
47318  1.00170  -0.37472  -90  0.18830  0
47469  1.00131  -0.40297  -91  0.18770  0
47620  1.00068  -0.43111  -91  0.18687  0
47771  0.99978  -0.45913  -92  0.18579  0
47922  0.99860  -0.48697  -93  0.18444  0
48074  0.99709  -0.51460  -99  0.17168  0
48226  0.99267  -0.53997  -107  0.16093  0
48376  0.98547  -0.56301  -114  0.15373  0
48526  0.97573  -0.58391  -122  0.14970  0
48676  0.96370  -0.60287  -129  0.14824  0
48828  0.94962  -0.62008  -134  0.14719  0
48978  0.93405  -0.63573  -139  0.14715  0
49130  0.91722  -0.65002  -143  0.14591  0
49280  0.89969  -0.66312  -146  0.14477  0
49431  0.88165  -0.67520  -148  0.14165  0
49581  0.86362  -0.68644  -149  0.13837  0
49733  0.84574  -0.69699  -149  0.13293  0
49885  0.82848  -0.70697  -149  0.12586  0
50036  0.81219  -0.71652  -148  0.11904  0
50188  0.79690  -0.72574  -147  0.11094  0
50339  0.78288  -0.73470  -145  0.10224  0
50489  0.77031  -0.74349  -142  0.09466  0
50640  0.75906  -0.75215  -138  0.08687  0
50791  0.74925  -0.76073  -134  0.07940  0
50941  0.74094  -0.76926  -143  0.09547  0
51092  0.72942  -0.77777  -149  0.11115  0
51244  0.71509  -0.78629  -153  0.12557  0
51395  0.69831  -0.79483  -155  0.13838  0
51547  0.67940  -0.80339  -157  0.14950  0
51699  0.65867  -0.81197  -158  0.15898  0
51851  0.63642  -0.82054  -160  0.16692  0
52003  0.61289  -0.82910  -160  0.17343  0
52154  0.58831  -0.83762  -161  0.17866  0
52304  0.56288  -0.84608  -162  0.18276  0
52456  0.53678  -0.85444  -162  0.18587  0
52607  0.51014  -0.86269  -163  0.18815  0
52757  0.48311  -0.87079  -163  0.18971  0
52908  0.45578  -0.87872  -164  0.19070  0
53059  0.42824  -0.88644  -164  0.19123  0
53209  0.40055  -0.89395  -165  0.19140  0
53361  0.37278  -0.90122  -165  0.19130  0
53512  0.34495  -0.90822  -166  0.19102  0
53665  0.31710  -0.91496  -166  0.19062  0
53816  0.28925  -0.92142  -167  0.19017  0
53967  0.26140  -0.92758  -168  0.18969  0
54117  0.23356  -0.93345  -168  0.18923  0
54268  0.20572  -0.93903  -169  0.18882  0
54419  0.17790  -0.94431  -169  0.18848  0
54569  0.15007  -0.94929  -170  0.18821  0
54720  0.12223  -0.95399  -170  0.18803  0
54871  0.09437  -0.95840  -171  0.18794  0
55021  0.06649  -0.96254  -172  0.18793  0
55171  0.03856  -0.96640  -172  0.18799  0
55322  0.01060  -0.97001  -173  0.18812  0
55474  -0.01742  -0.97336  -173  0.18831  0
55624  -0.04550  -0.97647  -174  0.18854  0
55775  -0.07363  -0.97933  -174  0.18879  0
55926  -0.10183  -0.98197  -175  0.18906  0
56077  -0.13008  -0.98439  -175  0.18932  0
56227  -0.15840  -0.98658  -176  0.18956  0
56379  -0.18676  -0.98856  -176  0.18975  0
56529  -0.21517  -0.99033  -176  0.18989  0
56680  -0.24361  -0.99188  -177  0.18994  0
56831  -0.27207  -0.99322  -177  0.18989  0
56982  -0.30053  -0.99433  -178  0.18972  0
57132  -0.32898  -0.99521  -178  0.18942  0
57283  -0.35738  -0.99585  -179  0.18896  0
57434  -0.38572  -0.99624  -179  0.18831  0
57586  -0.41397  -0.99635  -174  0.17632  0
57736  -0.44030  -0.99886  -169  0.16700  0
57887  -0.46494  -1.00339  -165  0.16000  0
58038  -0.48814  -1.00951  -158  0.14863  0
58189  -0.50895  -1.01753  -152  0.13990  0
58340  -0.52758  -1.02717  -146  0.13331  0
58491  -0.54431  -1.03814  -141  0.12826  0
58642  -0.55936  -1.05013  -137  0.12412  0
58793  -0.57298  -1.06282  -133  0.12028  0
58946  -0.58541  -1.07590  -131  0.11628  0
59097  -0.59687  -1.08904  -129  0.11174  0
59248  -0.60758  -1.10194  -129  0.10646  0
59400  -0.61773  -1.11426  -130  0.10035  0
59552  -0.62750  -1.12571  -132  0.09351  0
59703  -0.63705  -1.13599  -137  0.08619  0
59853  -0.64651  -1.14480  -143  0.07889  0
60004  -0.65599  -1.15187  -151  0.07238  0
60154  -0.66558  -1.15698  -163  0.06776  0
60305  -0.67532  -1.15987  -177  0.06630  0
60455  -0.68525  -1.16037  168  0.06894  0
60606  -0.69538  -1.15831  155  0.07580  0
60757  -0.70570  -1.15354  144  0.08624  0
60908  -0.71622  -1.14600  135  0.09916  0
61058  -0.72691  -1.13566  129  0.11361  0
61209  -0.73775  -1.12251  124  0.12883  0
61359  -0.74873  -1.10661  120  0.14428  0
61510  -0.75979  -1.08801  117  0.15955  0
61660  -0.77091  -1.06681  115  0.17434  0
61810  -0.78203  -1.04314  113  0.18842  0
61961  -0.79312  -1.01715  111  0.20161  0
62111  -0.80412  -0.98898  109  0.21380  0
62261  -0.81499  -0.95880  108  0.22491  0
62411  -0.82568  -0.92681  107  0.23487  0
62562  -0.83616  -0.89317  106  0.24368  0
62712  -0.84638  -0.85808  106  0.23212  0
62863  -0.85631  -0.82471  108  0.20586  0
63013  -0.86593  -0.79536  106  0.22137  0
63163  -0.87520  -0.76348  104  0.23475  0
63314  -0.88411  -0.72941  103  0.24609  0
63465  -0.89265  -0.69350  102  0.25551  0
63616  -0.90080  -0.65605  101  0.26315  0
63767  -0.90855  -0.61734  100  0.26917  0
63919  -0.91591  -0.57765  99  0.27371  0
64070  -0.92287  -0.53718  99  0.27694  0
64219  -0.92944  -0.49617  98  0.27899  0
64371  -0.93562  -0.45478  97  0.28002  0
64522  -0.94143  -0.41318  97  0.28016  0
64673  -0.94687  -0.37151  96  0.27953  0
64824  -0.95195  -0.32989  96  0.27825  0
64974  -0.95669  -0.28842  96  0.27642  0
65126  -0.96111  -0.24719  95  0.27415  0
65278  -0.96521  -0.20628  95  0.27151  0
65428  -0.96901  -0.16573  94  0.26858  0
65579  -0.97252  -0.12559  94  0.26543  0
65729  -0.97575  -0.08591  94  0.26211  0
65879  -0.97872  -0.04671  94  0.25867  0
66030  -0.98144  -0.00800  93  0.25515  0
66181  -0.98391  0.03019  93  0.25159  0
66331  -0.98615  0.06786  93  0.24800  0
66482  -0.98815  0.10501  92  0.24440  0
66633  -0.98993  0.14162  92  0.24080  0
66784  -0.99148  0.17771  92  0.23722  0
66934  -0.99280  0.21327  91  0.23365  0
67085  -0.99389  0.24830  91  0.23008  0
67235  -0.99473  0.28280  91  0.22652  0
67386  -0.99532  0.31677  87  0.21356  0
67537  -0.99374  0.34877  81  0.19942  0
67688  -0.98937  0.37836  75  0.18850  0
67838  -0.98252  0.40580  70  0.18041  0
67990  -0.97353  0.43132  65  0.17463  0
68140  -0.96270  0.45517  61  0.17062  0
68291  -0.95037  0.47759  57  0.16741  0
68442  -0.93692  0.49881  54  0.16490  0
68594  -0.92266  0.51902  52  0.16276  0
68744  -0.90785  0.53842  51  0.16016  0
68894  -0.89285  0.55719  50  0.15756  0
69045  -0.87789  0.57548  50  0.15490  0
69197  -0.86312  0.59342  51  0.15144  0
69347  -0.84886  0.61110  52  0.14803  0
69497  -0.83520  0.62862  53  0.14473  0
69648  -0.82221  0.64600  55  0.14068  0
69799  -0.81011  0.66329  56  0.13693  0
69950  -0.79887  0.68048  59  0.13259  0
70101  -0.78866  0.69756  61  0.12868  0
70253  -0.77935  0.71447  63  0.12421  0
70403  -0.77107  0.73115  65  0.12020  0
70554  -0.76358  0.74755  66  0.11653  0
70704  -0.75661  0.76358  68  0.11193  0
70855  -0.75036  0.77916  59  0.11637  0
71008  -0.74158  0.79425  52  0.12184  0
71158  -0.73053  0.80881  46  0.12774  0
71309  -0.71745  0.82281  41  0.13369  0
71460  -0.70253  0.83621  37  0.13943  0
71610  -0.68599  0.84901  34  0.14484  0
71761  -0.66799  0.86117  30  0.14983  0
71913  -0.64869  0.87270  28  0.15440  0
72063  -0.62825  0.88359  25  0.15854  0
72213  -0.60679  0.89383  23  0.16227  0
72364  -0.58443  0.90344  21  0.16562  0
72515  -0.56126  0.91242  19  0.16863  0
72666  -0.53739  0.92079  17  0.17133  0
72817  -0.51290  0.92856  16  0.17375  0
72967  -0.48785  0.93576  14  0.17594  0
73117  -0.46231  0.94240  13  0.17792  0
73267  -0.43633  0.94851  12  0.17972  0
73417  -0.40996  0.95412  10  0.18137  0
73567  -0.38325  0.95926  9  0.18288  0
73718  -0.35622  0.96395  8  0.18428  0
73868  -0.32891  0.96823  8  0.18558  0
74018  -0.30134  0.97211  7  0.18679  0
74169  -0.27355  0.97564  6  0.18792  0
74320  -0.24554  0.97884  5  0.18897  0
74471  -0.21734  0.98173  5  0.18996  0
74622  -0.18897  0.98434  4  0.19088  0
74772  -0.16043  0.98670  4  0.19174  0
74922  -0.13175  0.98883  3  0.19254  0
75072  -0.10293  0.99074  3  0.19329  0
75223  -0.07399  0.99246  3  0.19397  0
75375  -0.04494  0.99401  2  0.19459  0
75525  -0.01578  0.99539  2  0.19515  0
75676  0.01347  0.99663  2  0.19565  0
75827  0.04279  0.99774  1  0.19607  0
75978  0.07219  0.99871  1  0.19642  0
76128  0.10164  0.99957  1  0.19669  0
76279  0.13113  1.00032  1  0.19687  0
76429  0.16066  1.00095  1  0.19696  0
76581  0.19020  1.00147  0  0.19694  0
76734  0.21974  1.00188  0  0.19681  0
76885  0.24926  1.00216  0  0.19655  0
77035  0.27874  1.00231  0  0.19615  0
77186  0.30816  1.00233  0  0.19560  0
77337  0.33750  1.00218  0  0.19488  0
77489  0.36673  1.00187  -1  0.19399  0
77640  0.39582  1.00136  -1  0.19290  0
77792  0.42475  1.00063  -1  0.19161  0
77942  0.45348  0.99965  -2  0.19009  0
78092  0.48196  0.99840  -3  0.18834  0
78246  0.51017  0.99683  -9  0.18055  0
78397  0.53688  0.99238  -15  0.17530  0
78547  0.56220  0.98529  -21  0.17229  0
78698  0.58623  0.97577  -27  0.17112  0
78848  0.60906  0.96404  -32  0.17133  0
78998  0.63080  0.95033  -36  0.17143  0
79149  0.65154  0.93513  -39  0.17191  0
79299  0.67137  0.91864  -42  0.17251  0
79451  0.69037  0.90108  -45  0.17301  0
79602  0.70862  0.88263  -46  0.17079  0
79754  0.72618  0.86397  -47  0.16831  0
79905  0.74311  0.84525  -48  0.16296  0
80056  0.75946  0.82707  -48  0.15762  0
80207  0.77524  0.80947  -47  0.14966  0
80358  0.79050  0.79300  -46  0.14229  0
80509  0.80523  0.77756  -45  0.13574  0
80659  0.81944  0.76297  -49  0.14109  0
80810  0.83311  0.74682  -53  0.14600  0
80960  0.84623  0.72929  -56  0.15034  0
81111  0.85881  0.71057  -58  0.15405  0
81262  0.87082  0.69083  -60  0.15711  0
81413  0.88228  0.67024  -62  0.15956  0
81564  0.89318  0.64893  -64  0.16145  0
81714  0.90352  0.62703  -66  0.16284  0
81865  0.91329  0.60464  -68  0.16380  0
82015  0.92249  0.58186  -69  0.16443  0
82165  0.93113  0.55876  -70  0.16479  0
82315  0.93920  0.53539  -72  0.16495  0
82465  0.94672  0.51182  -73  0.16499  0
82616  0.95369  0.48807  -74  0.16498  0
82767  0.96012  0.46418  -76  0.16495  0
82918  0.96604  0.44015  -77  0.16495  0
83069  0.97144  0.41601  -78  0.16503  0
83221  0.97636  0.39175  -79  0.16521  0
83371  0.98082  0.36737  -80  0.16551  0
83522  0.98483  0.34287  -81  0.16595  0
83675  0.98843  0.31824  -82  0.16652  0
83825  0.99164  0.29347  -83  0.16723  0
83976  0.99448  0.26854  -84  0.16807  0
84127  0.99698  0.24346  -85  0.16903  0
84279  0.99918  0.21820  -85  0.17009  0
84430  1.00109  0.19276  -86  0.17124  0
84582  1.00275  0.16712  -86  0.17247  0
84732  1.00417  0.14129  -87  0.17375  0
84884  1.00538  0.11526  -87  0.17508  0
85035  1.00640  0.08902  -88  0.17644  0
85185  1.00726  0.06256  -88  0.17780  0
85337  1.00796  0.03590  -88  0.17915  0
85487  1.00854  0.00904  -89  0.18048  0
85638  1.00900  -0.01803  -89  0.18178  0
85789  1.00935  -0.04530  -89  0.18302  0
85938  1.00961  -0.07275  -89  0.18420  0
86090  1.00979  -0.10038  -89  0.18530  0
86242  1.00988  -0.12817  -89  0.18631  0
86393  1.00990  -0.15612  -90  0.18721  0
86544  1.00984  -0.18420  -90  0.18799  0
86695  1.00971  -0.21240  -90  0.18864  0
86846  1.00949  -0.24069  -90  0.18915  0
86997  1.00919  -0.26906  -90  0.18949  0
87147  1.00879  -0.29748  -91  0.18966  0
87297  1.00827  -0.32593  -91  0.18965  0
87447  1.00762  -0.35437  -91  0.18943  0
87598  1.00683  -0.38277  -91  0.18899  0
87750  1.00586  -0.41110  -92  0.18832  0
87901  1.00469  -0.43933  -92  0.18741  0
88051  1.00329  -0.46740  -93  0.18624  0
88202  1.00163  -0.49529  -94  0.18480  0
88352  0.99967  -0.52294  -94  0.18308  0
88504  0.99736  -0.55030  -95  0.18107  0
88655  0.99467  -0.57733  -96  0.17878  0
88806  0.99153  -0.60396  -97  0.17621  0
88958  0.98791  -0.63014  -99  0.17336  0
89109  0.98373  -0.65581  -100  0.17027  2
89260  0.97895  -0.68090  -102  0.16696  2
89411  0.97349  -0.70534  -104  0.16348  0
89562  0.96730  -0.72907  -106  0.15991  0
89713  0.96030  -0.75201  -109  0.15631  0
89865  0.95243  -0.77410  -112  0.15280  0
90016  0.94362  -0.79526  -115  0.14951  0
90170  0.93380  -0.81542  -119  0.14657  0
90321  0.92291  -0.83452  -123  0.14417  0
90474  0.91088  -0.85249  -128  0.14245  0
90625  0.89767  -0.86928  -132  0.14157  0
90776  0.88322  -0.88484  -137  0.14164  0
90927  0.86751  -0.89914  -142  0.14267  0
91079  0.85056  -0.91222  -146  0.14455  0
91230  0.83243  -0.92410  -150  0.14711  0
91381  0.81315  -0.93484  -154  0.15021  0
91531  0.79280  -0.94451  -157  0.15368  0
91682  0.77144  -0.95317  -160  0.15739  0
91832  0.74912  -0.96087  -163  0.16119  0
91985  0.72593  -0.96770  -165  0.16500  0
92135  0.70192  -0.97371  -167  0.16873  0
92287  0.67716  -0.97897  -169  0.17232  0
92436  0.65172  -0.98355  -171  0.17572  0
92588  0.62566  -0.98751  -172  0.17891  0
92738  0.59904  -0.99091  -173  0.18185  0
92888  0.57192  -0.99380  -174  0.18455  0
93040  0.54434  -0.99624  -175  0.18701  0
93191  0.51636  -0.99828  -176  0.18922  0
93342  0.48803  -0.99996  -177  0.19122  0
93492  0.45938  -1.00133  -177  0.19300  0
93643  0.43045  -1.00243  -178  0.19458  0
93794  0.40128  -1.00331  -178  0.19597  0
93945  0.37189  -1.00398  -179  0.19720  0
94095  0.34232  -1.00449  -179  0.19827  0
94246  0.31258  -1.00486  -179  0.19919  0
94397  0.28270  -1.00512  -179  0.20000  0
94548  0.25270  -1.00528  -179  0.20068  0
94702  0.22260  -1.00538  -179  0.20126  0
94853  0.19241  -1.00542  -179  0.20175  0
95005  0.16215  -1.00543  179  0.20216  0
95155  0.13182  -1.00540  179  0.20248  0
95306  0.10145  -1.00536  179  0.20273  0
95457  0.07104  -1.00530  179  0.20292  0
95606  0.04060  -1.00525  179  0.20304  0
95756  0.01015  -1.00519  179  0.20310  0
95907  -0.02032  -1.00513  179  0.20309  0
96057  -0.05078  -1.00507  179  0.20302  0
96212  -0.08123  -1.00501  179  0.20288  0
96362  -0.11167  -1.00494  179  0.20267  0
96512  -0.14207  -1.00486  179  0.20239  0
96662  -0.17243  -1.00475  179  0.20201  0
96814  -0.20273  -1.00462  179  0.20154  0
96964  -0.23296  -1.00444  179  0.20097  0
97115  -0.26310  -1.00420  179  0.20028  0
97266  -0.29314  -1.00388  179  0.19946  0
97416  -0.32306  -1.00347  178  0.19850  0
97566  -0.35283  -1.00294  178  0.19739  0
97717  -0.38243  -1.00227  178  0.19610  0
97874  -0.41183  -1.00142  177  0.19463  0
98024  -0.44101  -1.00037  177  0.19295  0
98175  -0.46992  -0.99908  176  0.19107  0
98326  -0.49854  -0.99751  176  0.18895  0
98476  -0.52682  -0.99563  -177  0.17411  0
98638  -0.55292  -0.99661  -171  0.16259  0
98788  -0.57706  -1.00007  -165  0.15365  0
98938  -0.59942  -1.00567  -160  0.14681  0
99089  -0.62016  -1.01307  -155  0.14146  4
99239  -0.63945  -1.02191  -151  0.13700  4
99389  -0.65745  -1.03182  -147  0.13285  4
99540  -0.67433  -1.04242  -145  0.12853  0
99691  -0.69021  -1.05334  -144  0.12369  0
99841  -0.70525  -1.06421  -143  0.11810  0
99992  -0.71954  -1.07467  -144  0.11168  0
