t  ID  type  x  y  dx  dy
2065  2  1  -0.59333  0.96000  0.01333  -0.02000
2175  2  1  -0.59333  0.96000  0.38000  -0.61333
2284  2  1  -0.59333  0.96000  0.68000  -0.96000
2391  2  3  -0.59333  0.96000  0.76000  -1.04000
6656  1  1  -0.91333  0.22000  -0.04000  0.01333
6773  1  1  -0.91333  0.22000  -0.19333  0.13333
6876  1  1  -0.91333  0.22000  -0.36667  0.26667
6989  1  1  -0.91333  0.22000  -0.52000  0.39333
7095  1  1  -0.91333  0.22000  -0.66667  0.51333
7208  1  1  -0.91333  0.22000  -0.76000  0.59333
7314  1  1  -0.91333  0.22000  -0.79333  0.60667
7424  1  1  -0.91333  0.22000  -0.83333  0.63333
7533  1  3  -0.91333  0.22000  -0.83333  0.63333
12021  4  1  -0.97333  -0.54667  -0.11333  0.08000
12125  4  1  -0.97333  -0.54667  -0.39333  0.31333
12238  4  1  -0.97333  -0.54667  -0.60667  0.59333
12344  4  3  -0.97333  -0.54667  -0.70667  0.72000
13002  2  1  0.84667  0.40000  0.02000  -0.01333
13111  2  1  0.84667  0.40000  -0.51333  -0.02000
13223  2  1  0.84667  0.40000  -1.26667  -0.10000
13333  2  3  0.84667  0.40000  -1.26667  -0.10000
16834  3  1  -0.40000  -0.86000  -0.02667  -0.15333
16940  3  1  -0.40000  -0.86000  -0.21333  -0.76667
17052  3  1  -0.40000  -0.86000  -0.23333  -1.09333
17162  3  3  -0.40000  -0.86000  -0.24000  -1.08000
17814  1  1  0.55333  0.87333  0.02667  -0.03333
17926  1  1  0.55333  0.87333  0.72667  -1.05333
18035  1  3  0.55333  0.87333  0.82667  -1.20667
22300  4  1  -0.52000  1.00667  0.09333  -0.12667
22409  4  1  -0.52000  1.00667  0.48667  -0.99333
22522  4  1  -0.52000  1.00667  0.65333  -1.51333
22625  4  3  -0.52000  1.00667  0.66000  -1.55333
22956  2  1  0.38000  -0.98667  -0.08667  0.42667
23065  2  1  0.38000  -0.98667  -0.28667  0.86000
23173  2  3  0.38000  -0.98667  -0.33333  1.03333
26675  3  1  -0.90667  0.22667  -0.04000  0.03333
26784  3  1  -0.90667  0.22667  -0.32000  0.15333
26891  3  1  -0.90667  0.22667  -0.90667  0.27333
27001  3  3  -0.90667  0.22667  -0.98667  0.27333
27550  1  1  1.16667  -0.47333  0.04667  -0.08000
27659  1  1  1.16667  -0.47333  0.36667  -0.38000
27771  1  1  1.16667  -0.47333  1.12000  -0.49333
27876  1  3  1.16667  -0.47333  1.16000  -0.50667
31707  2  1  -1.00667  -0.51333  -0.06667  0.02000
31813  2  1  -1.00667  -0.51333  -0.49333  0.10667
31925  2  1  -1.00667  -0.51333  -0.79333  0.12667
32033  2  3  -1.00667  -0.51333  -0.80667  0.13333
32475  4  1  0.90667  0.44667  0.02667  0.00000
32580  4  1  0.90667  0.44667  0.56000  -0.06667
32690  4  1  0.90667  0.44667  1.22667  -0.16667
32797  4  3  0.90667  0.44667  1.44000  -0.23333
36848  1  1  -0.43333  -0.98667  -0.02000  -0.01333
36957  1  1  -0.43333  -0.98667  -0.30000  -0.46000
37063  1  1  -0.43333  -0.98667  -0.47333  -0.96667
37174  1  3  -0.43333  -0.98667  -0.47333  -1.00000
37833  3  1  0.55333  0.90667  0.00667  0.00000
37940  3  1  0.55333  0.90667  0.19333  -0.96667
38050  3  1  0.55333  0.90667  0.32667  -1.58667
38160  3  3  0.55333  0.90667  0.32667  -1.58667
42098  2  1  -0.57333  1.08000  0.04667  -0.04667
42204  2  1  -0.57333  1.08000  0.38000  -0.82667
42315  2  1  -0.57333  1.08000  0.88667  -1.76000
42423  2  3  -0.57333  1.08000  0.94000  -1.98000
42753  4  1  0.53333  -0.95333  0.00000  -0.03333
42865  4  1  0.53333  -0.95333  0.04667  -0.61333
42970  4  1  0.53333  -0.95333  0.00667  -0.88000
43082  4  3  0.53333  -0.95333  0.01333  -0.88000
46907  1  1  -0.98667  0.38000  -0.17333  0.08667
47017  1  1  -0.98667  0.38000  -0.71333  0.20000
47125  1  1  -0.98667  0.38000  -1.16667  0.12000
47234  1  3  -0.98667  0.38000  -1.18667  0.10000
47785  3  1  1.03333  -0.64000  0.00667  0.00000
47891  3  1  1.03333  -0.64000  -0.80000  -0.02000
48003  3  1  1.03333  -0.64000  -1.81333  -0.03333
48113  3  3  1.03333  -0.64000  -1.83333  -0.04667
52160  4  1  -0.85333  -0.61333  -0.43333  -0.06000
52268  4  1  -0.85333  -0.61333  -1.20667  -0.06667
52377  4  3  -0.85333  -0.61333  -1.23333  -0.06667
52814  2  1  0.91333  0.52000  -0.10000  -0.05333
52924  2  1  0.91333  0.52000  -1.70667  -0.47333
53035  2  3  0.91333  0.52000  -2.02667  -0.61333
57297  3  1  -0.44667  -0.94000  -0.00667  -0.30000
57409  3  1  -0.44667  -0.94000  -0.06000  -0.59333
57625  3  1  -0.44667  -0.94000  -0.05333  -0.56667
57739  3  1  -0.44667  -0.94000  0.12000  -0.95333
57845  3  1  -0.44667  -0.94000  0.19333  -1.24667
57958  3  3  -0.44667  -0.94000  0.18667  -1.24667
58503  1  1  0.50667  0.83333  0.02667  -0.01333
58610  1  1  0.50667  0.83333  0.40000  -1.06000
58725  1  1  0.50667  0.83333  0.58000  -1.56667
58831  1  3  0.50667  0.83333  0.58000  -1.56667
61784  4  1  -0.61333  1.00667  0.02000  -0.01333
61898  4  1  -0.61333  1.00667  0.49333  -1.48000
62001  4  3  -0.61333  1.00667  0.68000  -2.12667
62551  2  1  0.55333  -1.02667  -0.04667  -0.43333
62659  2  1  0.55333  -1.02667  0.00000  -1.36000
62768  2  1  0.55333  -1.02667  0.04000  -1.46000
62877  2  3  0.55333  -1.02667  0.04000  -1.46000
67141  3  1  -1.04000  0.32000  0.19333  0.00000
67252  3  1  -1.04000  0.32000  1.00667  0.16000
67360  3  3  -1.04000  0.32000  1.41333  0.30667
67910  1  1  0.98000  -0.49333  -0.00667  0.00000
68017  1  1  0.98000  -0.49333  -0.45333  -0.16667
68127  1  1  0.98000  -0.49333  -1.38000  -0.52667
68238  1  1  0.98000  -0.49333  -1.79333  -0.75333
68349  1  3  0.98000  -0.49333  -1.97333  -0.94667
72064  2  1  -0.92000  -0.54000  -0.00667  0.00000
72174  2  1  -0.92000  -0.54000  -0.55333  0.21333
72283  2  1  -0.92000  -0.54000  -0.96000  0.38000
72391  2  3  -0.92000  -0.54000  -0.96667  0.38667
72833  4  1  1.03333  0.60667  -0.48667  -0.26000
72940  4  1  1.03333  0.60667  -2.14000  -0.72000
73052  4  1  1.03333  0.60667  -2.34000  -0.85333
73158  4  3  1.03333  0.60667  -2.36667  -0.96000
76766  1  1  -0.27333  -0.84000  -0.02667  -0.06000
76877  1  1  -0.27333  -0.84000  -0.24000  -0.55333
76988  1  1  -0.27333  -0.84000  -0.42667  -1.29333
77095  1  1  -0.27333  -0.84000  -0.40000  -1.52667
77207  1  1  -0.27333  -0.84000  -0.39333  -1.54000
77313  1  3  -0.27333  -0.84000  -0.38667  -1.54667
77972  3  1  0.52667  0.88667  0.02000  -0.12667
78079  3  1  0.52667  0.88667  0.46000  -1.19333
78188  3  1  0.52667  0.88667  0.64000  -1.60667
78299  3  3  0.52667  0.88667  0.68000  -1.72000
81688  4  1  0.62000  -0.84667  0.00000  -0.00667
81798  4  1  0.62000  -0.84667  0.08667  -0.44000
81908  4  1  0.62000  -0.84667  0.11333  -0.89333
82018  4  1  0.62000  -0.84667  0.08000  -1.07333
82126  4  3  0.62000  -0.84667  0.04000  -1.10667
83000  2  1  -0.41333  1.07333  0.00667  -0.02000
83110  2  1  -0.41333  1.07333  0.18667  -0.56667
83254  2  1  -0.41333  1.07333  0.48000  -1.52667
83332  2  1  -0.41333  1.07333  0.54667  -1.66667
83441  2  3  -0.41333  1.07333  0.64000  -1.76000
87376  1  1  -1.00667  0.33333  -0.07333  0.05333
87484  1  1  -1.00667  0.33333  -0.30667  0.20667
87599  1  1  -1.00667  0.33333  -0.51333  0.35333
87708  1  1  -1.00667  0.33333  -0.70000  0.44667
87814  1  1  -1.00667  0.33333  -0.79333  0.48667
87924  1  1  -1.00667  0.33333  -0.82000  0.50000
88036  1  3  -1.00667  0.33333  -0.82000  0.50000
92521  4  1  -0.87333  -0.60667  -0.02667  0.00000
92627  4  1  -0.87333  -0.60667  -0.28000  0.14667
92735  4  1  -0.87333  -0.60667  -0.73333  0.40000
92848  4  1  -0.87333  -0.60667  -1.00000  0.58667
92956  4  1  -0.87333  -0.60667  -1.12000  0.70000
93065  4  3  -0.87333  -0.60667  -1.15333  0.72000
94157  2  1  0.86000  0.22667  0.00000  -0.00667
94279  2  1  0.86000  0.22667  -0.50667  -0.15333
94375  2  1  0.86000  0.22667  -0.62667  -0.32000
94490  2  3  0.86000  0.22667  -0.64000  -0.45333
98207  3  1  -0.31333  -1.08000  -0.21333  -0.58667
98315  3  1  -0.31333  -1.08000  -0.16667  -1.08000
98423  3  1  -0.31333  -1.08000  -0.16667  -1.15333
98536  3  3  -0.31333  -1.08000  -0.16667  -1.15333
