t  x  y  th  vel  obstacle
220   -1.00000  1.00000  0  0.00000  0
401   -1.00000  1.00000  0  0.04055  0
521   -0.99392  1.00000  0  0.07578  0
674   -0.98255  1.00000  0  0.10619  0
825   -0.96662  1.00000  0  0.13225  0
976   -0.94679  1.00000  0  0.15439  0
1127  -0.92363  1.00000  0  0.17304  0
1279  -0.89767  1.00000  0  0.18858  0
1431  -0.86938  1.00000  0  0.20137  0
1582  -0.83918  1.00000  0  0.21174  0
1733  -0.80742  1.00000  0  0.22000  0
1884  -0.77442  1.00000  0  0.22643  0
2035  -0.74045  1.00000  0  0.23127  0
2187  -0.70576  1.00000  0  0.23476  0
2337  -0.67055  1.00000  -3  0.22751  0
2489  -0.63650  0.99769  -7  0.22181  0
2640  -0.60353  0.99326  -11  0.21754  0
2790  -0.57151  0.98695  -14  0.21444  0
2940  -0.54034  0.97902  -17  0.21223  0
3090  -0.50990  0.96970  -19  0.21068  0
3241  -0.48007  0.95926  -21  0.20956  0
3392  -0.45075  0.94794  -22  0.20869  0
3543  -0.42181  0.93599  -23  0.20793  0
3693  -0.39317  0.92365  -23  0.20721  0
3844  -0.36471  0.91116  -23  0.20648  0
3994  -0.33634  0.89874  -23  0.20573  0
4146  -0.30797  0.88658  -22  0.20501  0
4297  -0.27953  0.87488  -21  0.20435  0
4448  -0.25095  0.86380  -19  0.20383  0
4599  -0.22217  0.85350  -17  0.20350  0
4750  -0.19312  0.84411  -15  0.20344  0
4902  -0.16379  0.83571  -13  0.20368  0
5052  -0.13412  0.82839  -11  0.20426  0
5203  -0.10411  0.82222  -9  0.20517  0
5355  -0.07375  0.81721  -7  0.20641  0
5507  -0.04302  0.81338  -4  0.20791  0
5659  -0.01195  0.81072  -2  0.20962  0
5810  0.01946  0.80920  0  0.21147  0
5961  0.05118  0.80878  1  0.21336  0
6111  0.08317  0.80938  2  0.21521  0
6263  0.11542  0.81093  4  0.21693  0
6414  0.14787  0.81336  5  0.21843  0
6565  0.18048  0.81656  6  0.21965  0
6715  0.21320  0.82042  7  0.22052  0
6866  0.24598  0.82485  8  0.22099  0
7018  0.27876  0.82973  9  0.22101  0
7168  0.31150  0.83495  9  0.22054  0
7319  0.34413  0.84039  9  0.21957  0
7470  0.37660  0.84595  9  0.21808  0
7621  0.40883  0.85150  9  0.21606  0
7771  0.44078  0.85694  9  0.21350  0
7922  0.47238  0.86216  8  0.21041  0
8073  0.50356  0.86706  8  0.20681  0
8224  0.53426  0.87152  7  0.20270  0
8374  0.56441  0.87546  6  0.19812  0
8525  0.59394  0.87876  5  0.19309  0
8676  0.62279  0.88134  3  0.18766  0
8826  0.65089  0.88309  1  0.18189  0
8977  0.67816  0.88394  0  0.17583  0
9128  0.70453  0.88378  -2  0.16958  0
9278  0.72994  0.88255  -5  0.16326  0
9429  0.75431  0.88015  -8  0.15700  0
9579  0.77758  0.87651  -12  0.15098  0
9729  0.79968  0.87156  -16  0.14538  0
9880  0.82054  0.86523  -21  0.14044  0
10031  0.84013  0.85747  -26  0.13640  0
10182  0.85838  0.84823  -32  0.13348  0
10333  0.87527  0.83747  -38  0.13187  0
10485  0.89076  0.82517  -44  0.13170  0
10636  0.90491  0.81139  -49  0.13282  0
10788  0.91776  0.79616  -55  0.13505  0
10939  0.92937  0.77956  -59  0.13815  0
11089  0.93982  0.76166  -63  0.14189  0
11241  0.94916  0.74254  -67  0.14606  0
11393  0.95748  0.72227  -70  0.15046  0
11545  0.96485  0.70094  -73  0.15495  0
11695  0.97134  0.67862  -76  0.15940  0
11846  0.97702  0.65540  -78  0.16373  0
11997  0.98196  0.63134  -80  0.16786  0
12148  0.98624  0.60653  -81  0.17176  0
12298  0.98991  0.58103  -83  0.17539  0
12449  0.99304  0.55491  -84  0.17873  0
12600  0.99569  0.52823  -85  0.18179  0
12750  0.99790  0.50105  -86  0.18456  0
12900  0.99973  0.47342  -86  0.18708  0
13051  1.00122  0.44540  -87  0.18933  0
13202  1.00243  0.41703  -87  0.20028  0
13353  1.00379  0.38702  -92  0.18763  0
13504  1.00238  0.35891  -99  0.17488  0
13655  0.99812  0.33303  -105  0.16576  0
13806  0.99131  0.30911  -112  0.15984  2
13957  0.98225  0.28691  -117  0.15649  2
14108  0.97128  0.26616  -122  0.15502  2
14259  0.95870  0.24660  -126  0.15478  0
14411  0.94485  0.22797  -129  0.15518  0
14562  0.93003  0.21002  -131  0.15583  0
14712  0.91456  0.19250  -132  0.15644  0
14864  0.89874  0.17516  -132  0.15689  0
15015  0.88286  0.15780  -131  0.15718  0
15166  0.86717  0.14020  -130  0.15739  0
15317  0.85193  0.12217  -128  0.15768  0
15468  0.83736  0.10354  -125  0.15824  0
15619  0.82366  0.08416  -122  0.15927  0
15770  0.81099  0.06390  -118  0.16097  0
15921  0.79951  0.04266  -114  0.16345  0
16072  0.78932  0.02036  -110  0.16678  0
16223  0.78049  -0.00305  -106  0.17096  0
16374  0.77309  -0.02760  -103  0.17588  0
16525  0.76712  -0.05330  -99  0.18140  0
16677  0.76259  -0.08013  -96  0.18732  0
16829  0.75945  -0.10805  -93  0.19343  0
16980  0.75765  -0.13701  -91  0.19950  0
17130  0.75710  -0.16693  -88  0.20533  0
17281  0.75771  -0.19772  -87  0.21073  0
17433  0.75937  -0.22929  -85  0.21551  0
17584  0.76193  -0.26151  -84  0.21955  0
17735  0.76527  -0.29428  -83  0.22272  0
17885  0.76922  -0.32745  -82  0.22494  0
18036  0.77365  -0.36090  -81  0.22615  0
18186  0.77838  -0.39449  -81  0.22631  0
18337  0.78327  -0.42808  -81  0.22541  0
18487  0.78814  -0.46154  -81  0.22344  0
18638  0.79284  -0.49472  -82  0.22045  0
18790  0.79721  -0.52750  -83  0.21646  0
18941  0.80110  -0.55974  -84  0.21155  0
19092  0.80437  -0.59130  -85  0.20579  0
19243  0.80686  -0.62207  -86  0.19929  0
19395  0.80844  -0.65192  -88  0.19217  0
19546  0.80900  -0.68074  -91  0.18459  0
19697  0.80839  -0.70842  -94  0.17673  0
19849  0.80653  -0.73486  -97  0.16882  0
20000  0.80330  -0.75998  -101  0.16113  0
20151  0.79862  -0.78369  -105  0.15393  0
20303  0.79242  -0.80593  -110  0.14755  0
20454  0.78464  -0.82665  -116  0.14230  0
20604  0.77525  -0.84582  -121  0.13855  0
20754  0.76427  -0.86347  -127  0.13634  0
20905  0.75176  -0.87964  -133  0.13560  0
21057  0.73777  -0.89440  -138  0.13620  0
21207  0.72235  -0.90782  -144  0.13793  0
21359  0.70560  -0.91995  -148  0.14055  0
21510  0.68757  -0.93088  -152  0.14384  0
21661  0.66835  -0.94069  -156  0.14759  0
21811  0.64802  -0.94944  -159  0.15161  0
21962  0.62665  -0.95723  -162  0.15574  0
22113  0.60433  -0.96412  -165  0.15988  0
22263  0.58113  -0.97019  -167  0.16392  0
22413  0.55712  -0.97551  -169  0.16780  0
22564  0.53238  -0.98015  -170  0.17148  0
22715  0.50698  -0.98418  -172  0.17493  0
22867  0.48097  -0.98765  -173  0.17813  0
23019  0.45442  -0.99063  -174  0.18109  0
23170  0.42737  -0.99317  179  0.17331  0
23320  0.40138  -0.99297  173  0.16779  0
23472  0.37638  -0.99003  167  0.16492  0
23622  0.35223  -0.98469  162  0.16404  0
23772  0.32875  -0.97731  158  0.16452  4
23923  0.30580  -0.96824  155  0.16580  4
24075  0.28322  -0.95783  152  0.16745  4
24227  0.26085  -0.94640  151  0.16916  4
24378  0.23856  -0.93429  150  0.17076  0
24529  0.21620  -0.92179  150  0.17217  0
24680  0.19365  -0.90919  151  0.17340  0
24832  0.17081  -0.89676  152  0.17453  0
24983  0.14756  -0.88473  154  0.17564  0
25134  0.12382  -0.87330  156  0.17686  0
25285  0.09952  -0.86265  158  0.17829  0
25437  0.07461  -0.85292  161  0.18002  0
25588  0.04904  -0.84425  163  0.18212  0
25738  0.02279  -0.83669  166  0.18459  0
25888  -0.00416  -0.83032  169  0.18743  0
26039  -0.03180  -0.82516  172  0.19057  0
26189  -0.06011  -0.82120  174  0.19392  0
26340  -0.08906  -0.81844  176  0.19738  0
26490  -0.11863  -0.81681  178  0.20084  0
26640  -0.14875  -0.81626  -179  0.20417  0
26790  -0.17937  -0.81672  -177  0.20726  0
26941  -0.21043  -0.81808  -176  0.21000  0
27092  -0.24186  -0.82024  -174  0.21231  0
27242  -0.27357  -0.82310  -173  0.21410  0
27393  -0.30550  -0.82652  -173  0.21531  0
27543  -0.33757  -0.83040  -172  0.21589  0
27693  -0.36968  -0.83460  -172  0.21581  0
27844  -0.40175  -0.83900  -172  0.21504  0
27995  -0.43369  -0.84347  -172  0.21358  0
28147  -0.46543  -0.84788  -172  0.21141  0
28298  -0.49685  -0.85211  -172  0.20856  0
28449  -0.52789  -0.85604  -173  0.20504  0
28599  -0.55845  -0.85954  -174  0.20089  0
28750  -0.58844  -0.86250  -175  0.19613  0
28901  -0.61777  -0.86480  -176  0.19084  0
29053  -0.64635  -0.86633  -178  0.18507  0
29205  -0.67410  -0.86700  179  0.17891  0
29356  -0.70094  -0.86668  176  0.17248  0
29508  -0.72677  -0.86529  174  0.16590  0
29660  -0.75153  -0.86273  170  0.15934  0
29810  -0.77512  -0.85892  167  0.15300  0
29962  -0.79749  -0.85378  162  0.14710  0
30113  -0.81856  -0.84722  157  0.14191  0
30263  -0.83828  -0.83921  152  0.13768  0
30415  -0.85660  -0.82968  146  0.13467  0
30566  -0.87349  -0.81859  140  0.13312  0
30716  -0.88898  -0.80600  135  0.13297  0
30868  -0.90312  -0.79193  129  0.13409  0
31019  -0.91596  -0.77645  124  0.13628  0
31169  -0.92757  -0.75962  119  0.13931  0
31320  -0.93801  -0.74152  115  0.14296  0
31471  -0.94736  -0.72222  112  0.14702  0
31621  -0.95569  -0.70180  108  0.15131  0
31772  -0.96308  -0.68034  106  0.15568  0
31923  -0.96959  -0.65792  105  0.16390  0
32073  -0.97624  -0.63425  109  0.16290  0
32224  -0.98444  -0.61123  114  0.16108  0
32376  -0.99432  -0.58918  117  0.16042  0
32528  -1.00559  -0.56792  120  0.16050  0
32679  -1.01796  -0.54726  123  0.16096  0
32830  -1.03114  -0.52704  124  0.16155  0
32981  -1.04486  -0.50706  125  0.16212  0
33132  -1.05886  -0.48718  125  0.16260  0
33283  -1.07289  -0.46722  124  0.16301  0
33434  -1.08670  -0.44705  123  0.16342  0
33585  -1.10009  -0.42651  121  0.16393  0
33737  -1.11286  -0.40550  119  0.16469  0
33889  -1.12486  -0.38391  116  0.16580  0
34039  -1.13593  -0.36164  113  0.16740  0
34190  -1.14596  -0.33862  110  0.16955  0
34341  -1.15488  -0.31480  107  0.17228  0
34492  -1.16260  -0.29014  104  0.17560  0
34643  -1.16910  -0.26462  101  0.17943  0
34794  -1.17437  -0.23822  98  0.18369  0
34944  -1.17839  -0.21096  95  0.18828  0
35095  -1.18122  -0.18286  93  0.19306  0
35246  -1.18287  -0.15395  91  0.19790  0
35397  -1.18341  -0.12427  89  0.20268  0
35547  -1.18291  -0.09387  87  0.20729  0
35698  -1.18143  -0.06281  85  0.21163  0
35848  -1.17906  -0.03116  84  0.21563  0
35999  -1.17588  0.00103  83  0.21922  0
36149  -1.17197  0.03368  82  0.22234  0
36299  -1.16742  0.06672  81  0.22498  0
36450  -1.16231  0.10008  80  0.22712  0
36600  -1.15670  0.13368  79  0.22874  0
36753  -1.15067  0.16746  79  0.22984  0
36903  -1.14429  0.20134  78  0.23044  0
37053  -1.13760  0.23525  78  0.23054  0
37203  -1.13066  0.26913  78  0.23017  0
37355  -1.12350  0.30290  77  0.22933  0
37507  -1.11615  0.33651  77  0.22805  0
37658  -1.10864  0.36988  76  0.22635  0
37809  -1.10096  0.40295  76  0.22425  0
37960  -1.09313  0.43567  76  0.22176  0
38112  -1.08514  0.46795  75  0.21891  0
38263  -1.07697  0.49976  74  0.21571  0
38414  -1.06859  0.53101  74  0.21218  0
38566  -1.05997  0.56165  73  0.20836  0
38717  -1.05107  0.59161  72  0.20427  0
38867  -1.04184  0.62083  71  0.19994  0
39017  -1.03223  0.64924  69  0.19543  0
39168  -1.02217  0.67677  68  0.19078  0
39319  -1.01160  0.70337  66  0.18606  0
39470  -1.00046  0.72895  64  0.18137  0
39620  -0.98867  0.75347  61  0.17679  0
39772  -0.97616  0.77685  59  0.17247  0
39924  -0.96285  0.79904  55  0.16852  0
40075  -0.94867  0.81997  52  0.16510  0
40226  -0.93357  0.83959  48  0.16236  0
40378  -0.91747  0.85787  44  0.16043  0
40528  -0.90034  0.87476  40  0.15941  0
40678  -0.88213  0.89026  36  0.15930  0
40828  -0.86286  0.90439  32  0.15999  0
40979  -0.84258  0.91723  28  0.16137  0
41129  -0.82133  0.92882  25  0.16330  0
41279  -0.79916  0.93924  22  0.16564  0
41430  -0.77613  0.94856  19  0.16827  0
41582  -0.75230  0.95686  16  0.17106  0
41733  -0.72771  0.96421  14  0.17392  0
41883  -0.70244  0.97068  12  0.17678  0
42033  -0.67653  0.97635  10  0.17956  0
42184  -0.65006  0.98129  8  0.18222  0
42335  -0.62306  0.98556  5  0.18948  0
42487  -0.59476  0.98814  -1  0.18133  0
42638  -0.56756  0.98753  -7  0.17620  0
42789  -0.54137  0.98400  -13  0.17365  0
42940  -0.51607  0.97782  -19  0.17314  0
43092  -0.49153  0.96930  -23  0.17410  0
43244  -0.46765  0.95874  -27  0.17596  0
43394  -0.44430  0.94643  -30  0.17826  0
43546  -0.42137  0.93268  -33  0.18063  0
43697  -0.39873  0.91779  -35  0.18277  0
43847  -0.37627  0.90206  -36  0.18453  0
43998  -0.35389  0.88579  -36  0.18580  0
44149  -0.33145  0.86925  -36  0.18656  0
44300  -0.30888  0.85271  -35  0.18685  0
44452  -0.28606  0.83644  -34  0.18677  0
44603  -0.26290  0.82067  -32  0.18644  0
44753  -0.23934  0.80561  -30  0.18602  0
44903  -0.21528  0.79148  -27  0.18568  0
45054  -0.19067  0.77843  -25  0.18559  0
45206  -0.16547  0.76662  -22  0.18590  0
45356  -0.13962  0.75616  -18  0.18672  0
45507  -0.11310  0.74715  -15  0.18814  0
45658  -0.08589  0.73966  -12  0.19017  0
45810  -0.05799  0.73371  -8  0.19279  0
45961  -0.02941  0.72932  -5  0.19593  0
46115  -0.00015  0.72648  -2  0.19948  0
46265  0.02974  0.72514  0  0.20330  0
46416  0.06023  0.72524  2  0.20723  0
46566  0.09128  0.72671  4  0.21114  0
46716  0.12284  0.72943  6  0.21486  0
46867  0.15483  0.73330  8  0.21826  0
47019  0.18720  0.73820  10  0.22123  0
47169  0.21988  0.74399  11  0.22367  0
47319  0.25278  0.75053  12  0.22548  0
47471  0.28584  0.75768  12  0.22662  0
47622  0.31897  0.76529  13  0.22703  0
47773  0.35209  0.77321  13  0.22668  0
47923  0.38512  0.78129  13  0.22557  0
48074  0.41797  0.78940  13  0.22368  0
48226  0.45056  0.79738  13  0.22103  0
48377  0.48280  0.80511  12  0.21763  0
48527  0.51461  0.81244  12  0.21352  0
48678  0.54591  0.81925  11  0.20872  0
48828  0.57660  0.82541  10  0.20328  0
48979  0.60661  0.83080  8  0.19727  0
49130  0.63586  0.83532  7  0.19074  0
49280  0.66425  0.83885  5  0.18380  0
49431  0.69171  0.84128  2  0.17654  0
49583  0.71816  0.84253  0  0.16909  0
49733  0.74353  0.84250  -3  0.16162  0
49885  0.76773  0.84111  -7  0.15432  0
50036  0.79070  0.83827  -11  0.14741  0
50188  0.81239  0.83393  -16  0.14116  0
50339  0.83272  0.82802  -21  0.13585  0
50491  0.85166  0.82051  -27  0.13177  0
50641  0.86918  0.81135  -33  0.12914  0
50791  0.88525  0.80054  -40  0.12816  0
50943  0.89992  0.78812  -46  0.12870  0
51094  0.91325  0.77415  -52  0.13056  0
51245  0.92530  0.75872  -57  0.13348  0
51395  0.93615  0.74189  -61  0.13719  0
51547  0.94586  0.72375  -65  0.14144  0
51699  0.95451  0.70438  -69  0.14601  0
51850  0.96218  0.68386  -72  0.15072  0
52001  0.96895  0.66229  -75  0.15543  0
52153  0.97488  0.63974  -77  0.16003  0
52304  0.98005  0.61630  -79  0.16445  0
52456  0.98453  0.59205  -81  0.16862  0
52607  0.98839  0.56705  -82  0.17252  0
52757  0.99169  0.54138  -83  0.17612  0
52909  0.99448  0.51511  -84  0.17943  0
53060  0.99683  0.48830  -88  0.18239  0
53212  0.99733  0.46095  -95  0.17202  0
53363  0.99469  0.43528  -102  0.16519  0
53513  0.98919  0.41112  -109  0.16146  0
53664  0.98113  0.38828  -115  0.16018  0
53816  0.97081  0.36658  -120  0.16066  0
53967  0.95855  0.34583  -124  0.16224  0
54117  0.94467  0.32585  -128  0.16434  0
54268  0.92948  0.30643  -130  0.16651  0
54419  0.91329  0.28742  -131  0.16846  0
54569  0.89641  0.26861  -132  0.17000  0
54720  0.87913  0.24985  -132  0.17105  0
54871  0.86176  0.23097  -131  0.17164  0
55021  0.84456  0.21182  -130  0.17186  0
55172  0.82778  0.19224  -128  0.17186  0
55323  0.81167  0.17212  -126  0.17181  0
55474  0.79643  0.15133  -123  0.17194  0
55624  0.78226  0.12979  -120  0.17245  0
55775  0.76932  0.10739  -116  0.17352  0
55926  0.75773  0.08408  -112  0.17529  0
56077  0.74761  0.05982  -108  0.17784  0
56227  0.73902  0.03456  -104  0.18117  0
56377  0.73201  0.00831  -101  0.18521  0
56528  0.72660  -0.01894  -97  0.18986  0
56680  0.72277  -0.04717  -94  0.19495  0
56831  0.72048  -0.07632  -91  0.20028  0
56981  0.71968  -0.10635  -88  0.20566  0
57132  0.72026  -0.13719  -86  0.21088  0
57283  0.72214  -0.16877  -84  0.21577  0
57434  0.72519  -0.20099  -82  0.22015  0
57585  0.72927  -0.23376  -81  0.22388  0
57736  0.73424  -0.26697  -80  0.22685  0
57887  0.73995  -0.30052  -79  0.22897  0
58038  0.74624  -0.33428  -78  0.23017  0
58189  0.75293  -0.36815  -78  0.23041  0
58340  0.75988  -0.40201  -78  0.22965  0
58494  0.76691  -0.43573  -78  0.22790  0
58643  0.77386  -0.46920  -78  0.22516  0
58793  0.78058  -0.50230  -79  0.22146  0
58945  0.78689  -0.53492  -79  0.21684  0
59096  0.79267  -0.56692  -80  0.21136  0
59247  0.79775  -0.59822  -82  0.20510  0
59398  0.80199  -0.62869  -83  0.19814  0
59549  0.80528  -0.65823  -85  0.19061  0
59699  0.80747  -0.68674  -87  0.18264  0
59849  0.80846  -0.71411  -90  0.17440  0
60000  0.80813  -0.74027  -94  0.16610  0
60150  0.80638  -0.76513  -97  0.15799  0
60301  0.80313  -0.78860  -102  0.15035  0
60451  0.79831  -0.81063  -107  0.14350  0
60602  0.79185  -0.83116  -113  0.13779  0
60753  0.78371  -0.85016  -119  0.13364  0
60904  0.77391  -0.86765  -125  0.13114  0
61054  0.76250  -0.88368  -131  0.13026  0
61205  0.74954  -0.89829  -137  0.13084  0
61355  0.73508  -0.91157  -142  0.13267  0
61506  0.71920  -0.92356  -147  0.13551  0
61656  0.70197  -0.93435  -152  0.13908  0
61806  0.68348  -0.94402  -156  0.14316  0
61957  0.66382  -0.95263  -159  0.14753  0
62107  0.64305  -0.96028  -162  0.15204  0
62257  0.62126  -0.96703  -165  0.15654  0
62407  0.59855  -0.97297  -167  0.16093  0
62558  0.57497  -0.97815  -169  0.16515  0
62708  0.55061  -0.98265  -164  0.16168  0
62858  0.52719  -0.98897  -158  0.15465  0
63009  0.50564  -0.99756  -151  0.14995  0
63160  0.48579  -1.00814  -146  0.14747  0
63312  0.46743  -1.02047  -141  0.14663  0
63463  0.45033  -1.03430  -136  0.14689  0
63614  0.43428  -1.04939  -133  0.14773  0
63765  0.41904  -1.06548  -131  0.14874  0
63917  0.40438  -1.08230  -129  0.14964  0
64068  0.39009  -1.09961  -128  0.15024  0
64219  0.37593  -1.11715  -129  0.15049  0
64371  0.36170  -1.13466  -130  0.15040  0
64522  0.34718  -1.15193  -131  0.15011  0
64673  0.33218  -1.16872  -134  0.14978  0
64824  0.31651  -1.18483  -137  0.14967  0
64974  0.30002  -1.20006  -140  0.15002  0
65126  0.28256  -1.21425  -145  0.15109  0
65279  0.26399  -1.22725  -149  0.15309  0
65430  0.24422  -1.23893  -154  0.15618  0
65581  0.22316  -1.24919  -158  0.16041  0
65731  0.20075  -1.25796  -163  0.16576  0
65880  0.17696  -1.26518  -167  0.17210  0
66030  0.15177  -1.27082  -171  0.17925  0
66181  0.12520  -1.27489  -174  0.18698  0
66331  0.09726  -1.27739  -178  0.19507  0
66482  0.06802  -1.27837  179  0.20326  0
66633  0.03753  -1.27787  176  0.21134  0
66784  0.00589  -1.27596  174  0.21911  0
66934  -0.02682  -1.27272  172  0.22639  0
67085  -0.06048  -1.26823  170  0.23304  0
67235  -0.09498  -1.26258  169  0.23897  0
67386  -0.13019  -1.25587  167  0.24407  0
67537  -0.16598  -1.24818  166  0.24831  0
67690  -0.20223  -1.23961  165  0.25165  0
67840  -0.23880  -1.23025  164  0.25407  0
67992  -0.27555  -1.22016  163  0.25558  0
68141  -0.31235  -1.20943  162  0.25620  0
68291  -0.34908  -1.19811  162  0.25595  0
68442  -0.38560  -1.18626  161  0.25488  0
68594  -0.42178  -1.17390  160  0.25304  0
68744  -0.45750  -1.16108  159  0.25048  0
68894  -0.49265  -1.14781  158  0.24727  0
69046  -0.52711  -1.13409  157  0.24347  0
69197  -0.56077  -1.11992  155  0.23917  0
69347  -0.59352  -1.10527  154  0.23444  0
69497  -0.62526  -1.09013  152  0.22939  0
69648  -0.65590  -1.07447  151  0.22412  0
69802  -0.68533  -1.05823  149  0.21876  0
69952  -0.71348  -1.04137  146  0.21342  0
70104  -0.74027  -1.02384  144  0.20826  0
70255  -0.76562  -1.00558  141  0.20342  0
70406  -0.78947  -0.98655  138  0.19906  0
70556  -0.81178  -0.96670  134  0.19533  0
70706  -0.83249  -0.94598  131  0.19234  0
70857  -0.85159  -0.92435  127  0.19013  0
71009  -0.86912  -0.90186  124  0.18866  0
71159  -0.88514  -0.87853  121  0.18786  0
71311  -0.89971  -0.85441  117  0.18765  0
71462  -0.91290  -0.82954  114  0.18793  0
71612  -0.92480  -0.80399  112  0.18860  0
71762  -0.93547  -0.77779  109  0.18955  0
71914  -0.94501  -0.75101  107  0.19071  0
72065  -0.95350  -0.72369  105  0.19199  0
72215  -0.96102  -0.69589  101  0.20812  0
72366  -0.96716  -0.66528  104  0.20289  0
72517  -0.97497  -0.63587  108  0.19708  0
72667  -0.98448  -0.60787  112  0.19272  0
72819  -0.99546  -0.58113  115  0.18950  0
72969  -1.00766  -0.55546  118  0.18712  0
73119  -1.02085  -0.53069  120  0.18533  0
73269  -1.03479  -0.50663  121  0.18391  0
73419  -1.04922  -0.48312  122  0.18270  0
73569  -1.06392  -0.46000  122  0.18159  0
73720  -1.07867  -0.43709  122  0.18056  0
73870  -1.09323  -0.41426  121  0.17961  0
74020  -1.10742  -0.39135  120  0.17880  0
74170  -1.12104  -0.36825  118  0.17821  0
74321  -1.13393  -0.34483  116  0.17795  0
74472  -1.14595  -0.32100  114  0.17810  0
74624  -1.15696  -0.29666  111  0.17875  0
74774  -1.16687  -0.27174  108  0.17997  0
74924  -1.17561  -0.24620  105  0.18178  0
75075  -1.18310  -0.21998  103  0.18417  0
75225  -1.18933  -0.19307  100  0.18709  0
75376  -1.19428  -0.16545  97  0.19045  0
75526  -1.19796  -0.13712  94  0.19417  0
75677  -1.20040  -0.10809  92  0.19811  0
75828  -1.20163  -0.07840  90  0.20216  0
75980  -1.20170  -0.04808  88  0.20619  0
76130  -1.20070  -0.01717  86  0.21010  0
76281  -1.19868  0.01428  84  0.21379  0
76431  -1.19573  0.04622  83  0.21718  0
76582  -1.19193  0.07857  82  0.22020  0
76732  -1.18736  0.11128  80  0.22279  0
76883  -1.18209  0.14428  79  0.22492  0
77035  -1.17622  0.17751  79  0.22656  0
77188  -1.16982  0.21088  78  0.22771  0
77338  -1.16294  0.24434  77  0.22836  0
77489  -1.15565  0.27781  77  0.22850  0
77640  -1.14801  0.31122  76  0.22815  0
77792  -1.14006  0.34451  76  0.22733  0
77942  -1.13182  0.37760  75  0.22604  0
78092  -1.12334  0.41042  74  0.22430  0
78243  -1.11461  0.44291  74  0.22214  0
78395  -1.10565  0.47501  73  0.21957  0
78545  -1.09645  0.50663  73  0.21663  0
78696  -1.08700  0.53772  72  0.21333  0
78846  -1.07727  0.56821  71  0.20971  0
78996  -1.06723  0.59802  70  0.20579  0
79147  -1.05684  0.62709  69  0.20163  0
79297  -1.04606  0.65534  67  0.19727  0
79449  -1.03482  0.68272  66  0.19278  0
79600  -1.02307  0.70914  64  0.18823  0
79751  -1.01076  0.73455  61  0.18372  0
79902  -0.99780  0.75887  59  0.17934  0
80053  -0.98413  0.78204  56  0.17522  0
80205  -0.96968  0.80399  53  0.17151  0
80356  -0.95439  0.82468  50  0.16833  0
80507  -0.93819  0.84405  46  0.16584  0
80658  -0.92103  0.86206  42  0.16415  0
80810  -0.90287  0.87868  38  0.16335  0
80960  -0.88366  0.89390  34  0.16339  0
81111  -0.86345  0.90777  30  0.16416  0
81262  -0.84228  0.92034  27  0.16556  0
81413  -0.82018  0.93167  23  0.16745  0
81564  -0.79722  0.94185  20  0.16970  0
81714  -0.77344  0.95094  18  0.17218  0
81865  -0.74891  0.95901  15  0.17480  0
82015  -0.72368  0.96615  13  0.17747  0
82165  -0.69781  0.97243  11  0.18011  0
82315  -0.67136  0.97792  10  0.18267  0
82465  -0.64437  0.98268  8  0.18511  0
82616  -0.61691  0.98680  7  0.18740  0
82767  -0.58903  0.99033  6  0.18952  0
82918  -0.56076  0.99333  5  0.19145  0
83069  -0.53215  0.99586  4  0.19320  0
83221  -0.50325  0.99798  1  0.20325  0
83371  -0.47277  0.99883  -3  0.19467  0
83522  -0.44363  0.99704  -9  0.18621  0
83673  -0.41607  0.99247  -15  0.18044  0
83823  -0.38995  0.98537  -20  0.17697  0
83974  -0.36510  0.97604  -25  0.17530  0
84125  -0.34136  0.96474  -29  0.17491  2
84277  -0.31855  0.95177  -33  0.17532  2
84428  -0.29652  0.93742  -35  0.17611  0
84580  -0.27508  0.92198  -37  0.17697  0
84730  -0.25408  0.90574  -38  0.17767  0
84881  -0.23335  0.88898  -39  0.17807  0
85033  -0.21274  0.87199  -39  0.17813  0
85183  -0.19210  0.85503  -38  0.17786  0
85335  -0.17128  0.83834  -37  0.17735  0
85485  -0.15016  0.82217  -35  0.17674  0
85636  -0.12861  0.80673  -33  0.17618  0
85787  -0.10653  0.79222  -30  0.17585  0
85938  -0.08382  0.77880  -27  0.17595  0
86090  -0.06040  0.76662  -24  0.17661  0
86242  -0.03622  0.75580  -20  0.17794  0
86393  -0.01123  0.74642  -16  0.18002  0
86544  0.01460  0.73856  -13  0.18282  0
86695  0.04128  0.73223  -9  0.18629  0
86846  0.06882  0.72745  -6  0.19031  0
86997  0.09718  0.72420  -3  0.19472  0
87147  0.12633  0.72242  0  0.19934  0
87297  0.15623  0.72205  1  0.20398  0
87447  0.18681  0.72300  3  0.20845  0
87598  0.21800  0.72516  5  0.21259  0
87750  0.24973  0.72841  7  0.21622  0
87904  0.28189  0.73260  8  0.21923  0
88054  0.31439  0.73759  9  0.22148  0
88205  0.34713  0.74323  10  0.22291  0
88356  0.38000  0.74936  11  0.22344  0
88506  0.41289  0.75581  11  0.22304  0
88657  0.44569  0.76243  11  0.22167  0
88808  0.47827  0.76903  11  0.21934  0
88958  0.51054  0.77547  10  0.21606  0
89109  0.54237  0.78158  10  0.21186  0
89260  0.57364  0.78721  9  0.20678  0
89411  0.60426  0.79220  8  0.20091  0
89562  0.63410  0.79642  6  0.19431  0
89713  0.66306  0.79971  4  0.18711  0
89865  0.69103  0.80197  2  0.17944  0
90016  0.71793  0.80305  0  0.17147  0
90168  0.74365  0.80285  -3  0.16340  0
90319  0.76810  0.80126  -7  0.15548  0
90471  0.79122  0.79819  -12  0.14799  0
90622  0.81293  0.79357  -17  0.14127  0
90774  0.83318  0.78732  -22  0.13566  0
90926  0.85193  0.77940  -28  0.13159  0
91077  0.86920  0.76984  -35  0.12917  0
91228  0.88503  0.75867  -41  0.12836  0
91378  0.89947  0.74594  -47  0.12901  0
91529  0.91259  0.73171  -52  0.13092  0
91681  0.92445  0.71607  -57  0.13383  0
91832  0.93513  0.69907  -62  0.13748  0
91983  0.94470  0.68080  -66  0.14164  0
92133  0.95323  0.66134  -69  0.14610  0
92285  0.96080  0.64078  -72  0.15069  0
92435  0.96749  0.61918  -75  0.15527  0
92586  0.97337  0.59665  -77  0.15975  0
92736  0.97850  0.57324  -79  0.16405  0
92886  0.98297  0.54904  -81  0.16812  0
93037  0.98682  0.52412  -82  0.17193  0
93189  0.99013  0.49855  -83  0.17547  0
93340  0.99295  0.47238  -84  0.17873  0
93490  0.99533  0.44567  -85  0.18171  0
93641  0.99733  0.41849  -86  0.18442  0
93792  0.99900  0.39088  -87  0.18687  0
93943  1.00037  0.36288  -87  0.18907  2
94094  1.00149  0.33454  -88  0.19105  2
94246  1.00240  0.30590  -88  0.19280  2
94397  1.00312  0.27699  -89  0.20361  0
94548  1.00360  0.24645  -93  0.19715  0
94700  1.00161  0.21695  -98  0.19267  0
94851  0.99747  0.18834  -102  0.18976  0
95001  0.99149  0.16051  -105  0.18800  0
95152  0.98401  0.13333  -108  0.18702  0
95303  0.97531  0.10665  -110  0.18652  0
95453  0.96572  0.08037  -111  0.18628  0
95603  0.95551  0.05436  -112  0.18613  0
95754  0.94496  0.02851  -112  0.18601  0
95905  0.93431  0.00272  -112  0.18588  0
96055  0.92380  -0.02310  -111  0.18576  0
96206  0.91361  -0.04903  -110  0.18571  0
96357  0.90393  -0.07515  -108  0.18576  0
96508  0.89489  -0.10151  -107  0.18598  0
96658  0.88662  -0.12816  -105  0.18641  0
96809  0.87921  -0.15512  -103  0.18706  0
96960  0.87270  -0.18241  -101  0.18794  0
97112  0.86713  -0.21005  -99  0.18900  0
97263  0.86252  -0.23802  -97  0.19020  0
97413  0.85883  -0.26631  -95  0.19146  0
97563  0.85605  -0.29489  -93  0.19271  0
97714  0.85410  -0.32373  -92  0.19384  0
97865  0.85292  -0.35279  -90  0.19477  0
98016  0.85242  -0.38200  -89  0.19541  0
98166  0.85250  -0.41131  -88  0.19567  0
98317  0.85306  -0.44065  -88  0.19548  0
98467  0.85397  -0.46996  -87  0.19478  0
98617  0.85513  -0.49916  -87  0.19353  0
98768  0.85639  -0.52816  -87  0.19169  0
98918  0.85763  -0.55689  -87  0.18924  0
99069  0.85873  -0.58525  -88  0.18619  0
99219  0.85955  -0.61317  -89  0.18254  0
99370  0.85997  -0.64054  -90  0.17833  0
99522  0.85985  -0.66729  -91  0.17361  0
99672  0.85908  -0.69332  -93  0.16846  0
99823  0.85752  -0.71854  -95  0.16297  0
99975  0.85508  -0.74286  -98  0.15730  0
